{"camera_angle_x": 1.5707963267948966, "frames": [{"file_path": "./0", "transform_matrix": [[-0.8411269468800773, -0.17260778883766043, 0.5125543975665151, 1.5376631926995452], [-5.857432036112123e-17, 0.9477045723965994, 0.31914893617021256, 0.9574468085106377], [-0.5408377383580029, 0.2684447702808756, -0.7971398535242409, -2.3914195605727224], [0.0, 0.0, 0.0, 1.0]]}, {"file_path": "./1", "transform_matrix": [[0.985551476173589, -0.0612637219694844, 0.15790834107958324, 0.47372502323874965], [-7.442819567472436e-18, 0.9322937149024105, 0.36170212765957444, 1.085106382978723], [-0.1693761725038687, -0.35647606585002145, 0.9188234469494296, 2.756470340848289], [0.0, 0.0, 0.0, 1.0]]}, {"file_path": "./10", "transform_matrix": [[-0.8463635632843032, 0.3966211870105135, -0.3554720140307367, -1.0664160420922102], [-7.454354593911765e-17, 0.6674207294194944, 0.74468085106383, 2.23404255319149], [0.5326055939855467, 0.6302707386159705, -0.564880586761292, -1.6946417602838761], [0.0, 0.0, 0.0, 1.0]]}, {"file_path": "./11", "transform_matrix": [[0.2643122416986804, -0.7592377656018882, 0.5947243514201099, 1.7841730542603296], [0.0, 0.6166543296250826, 0.7872340425531914, 2.361702127659574], [-0.9644371617105068, -0.2080755945287484, 0.16298928821640257, 0.4889678646492077], [0.0, 0.0, 0.0, 1.0]]}, {"file_path": "./12", "transform_matrix": [[0.45657232103686163, 0.7382503355606306, -0.49651601958811853, -1.4895480587643557], [0.0, 0.5580798744086809, 0.8297872340425534, 2.48936170212766], [0.8896863018294777, -0.37885788341356597, 0.2548038235827316, 0.7644114707481949], [0.0, 0.0, 0.0, 1.0]]}, {"file_path": "./13", "transform_matrix": [[-0.9376366819477979, -0.303240203575436, 0.16994949720858896, 0.509848491625767], [0.0, 0.48889894864153427, 0.8723404255319149, 2.617021276595745], [-0.34761681873281686, 0.8179383821246747, -0.458409588012015, -1.375228764036045], [0.0, 0.0, 0.0, 1.0]]}, {"file_path": "./14", "transform_matrix": [[0.926195895388999, -0.344953918010097, 0.1522102421457049, 0.4566307264371146], [3.033748962638509e-17, 0.40369502044702704, 0.9148936170212765, 2.7446808510638294], [-0.3770426545691758, -0.8473707128027012, 0.37390067092701473, 1.121702012781044], [0.0, 0.0, 0.0, 1.0]]}, {"file_path": "./15", "transform_matrix": [[-0.42825937457967367, 0.8652024163794875, -0.2608039240036912, -0.7824117720110736], [0.0, 0.2886097865159689, 0.9574468085106382, 2.872340425531915], [0.9036558571074649, 0.41003557140607044, -0.1235998466709024, -0.3707995400127072], [0.0, 0.0, 0.0, 1.0]]}, {"file_path": "./2", "transform_matrix": [[-0.612303025669007, 0.31961362391303305, -0.7231404677970646, -2.169421403391194], [2.0071179934662693e-17, 0.9146461812853053, 0.40425531914893625, 1.2127659574468088], [0.7906231749427658, 0.24752675505768373, -0.5600406242175956, -1.6801218726527867], [0.0, 0.0, 0.0, 1.0]]}, {"file_path": "./3", "transform_matrix": [[-0.0825650860105577, -0.4452829609363734, 0.8915750620513144, 2.6747251861539434], [-6.186544762943576e-18, 0.8946296187927081, 0.446808510638298, 1.340425531914894], [-0.9965856744766448, 0.03689078311110026, -0.07386517142321239, -0.22159551426963717], [0.0, 0.0, 0.0, 1.0]]}, {"file_path": "./4", "transform_matrix": [[0.7340648753490767, 0.33231542485987453, -0.592212138662275, -1.7766364159868249], [6.365367042984884e-17, 0.8720809162518806, 0.48936170212765956, 1.4680851063829787], [0.679079346452787, -0.3592232368729525, 0.6401639690827455, 1.9204919072482367], [0.0, 0.0, 0.0, 1.0]]}, {"file_path": "./5", "transform_matrix": [[-0.9999881011351667, -0.002594828278430058, 0.0041309144615790504, 0.012392743384737151], [0.0, 0.8467978188141446, 0.5319148936170214, 1.5957446808510642], [-0.004878277163448509, 0.5319085644335994, -0.8467877428813575, -2.5403632286440727], [0.0, 0.0, 0.0, 1.0]]}, {"file_path": "./6", "transform_matrix": [[0.7406553331023313, -0.3859765852604472, 0.5499561375034917, 1.6498684125104752], [1.3563670470546468e-16, 0.8185269813477168, 0.574468085106383, 1.7234042553191493], [-0.6718851669348526, -0.4254828509311266, 0.606246374023339, 1.818739122070017], [0.0, 0.0, 0.0, 1.0]]}, {"file_path": "./7", "transform_matrix": [[-0.09228428288963694, 0.6143882620994126, -0.7835883323059429, -2.350764996917829], [0.0, 0.7869464684641249, 0.6170212765957448, 1.8510638297872342], [0.9957327006438752, 0.056941366038286624, -0.07262279051474402, -0.21786837154423205], [0.0, 0.0, 0.0, 1.0]]}, {"file_path": "./8", "transform_matrix": [[-0.6045602168251631, -0.5253902700867987, 0.5987253196002591, 1.796175958800777], [0.0, 0.7516392226661996, 0.6595744680851062, 1.9787234042553186], [-0.7965594417445014, 0.3987524834378736, -0.4544111714293749, -1.3632335142881247], [0.0, 0.0, 0.0, 1.0]]}, {"file_path": "./9", "transform_matrix": [[0.9838520605119454, 0.1256693243181511, -0.12744545481035588, -0.38233636443106767], [0.0, 0.712051086411979, 0.7021276595744682, 2.1063829787234045], [0.1789835831197909, -0.6907897446147703, 0.7005529285561948, 2.1016587856685844], [0.0, 0.0, 0.0, 1.0]]}]}