{"camera_angle_x": 1.5707963267948966, "frames": [{"file_path": "./0-blend", "transform_matrix": [[0.5809894759756945, 0.26988696033175463, -0.767862134401986, -2.3035864032059576], [-4.262491106754506e-17, 0.943422645692843, 0.3315926892950392, 0.9947780678851179], [0.813911069346945, -0.1926518627908961, 0.5481186285446881, 1.6443558856340645], [0.0, 0.0, 0.0, 1.0]]}, {"file_path": "./1-blend", "transform_matrix": [[-0.9781925858113836, -0.06995637664793819, 0.19556423607073725, 0.5866927082122116], [-1.473897146286056e-17, 0.9415709802263933, 0.3368146214099217, 1.0104438642297648], [-0.20769993997023506, 0.32946956545605344, -0.9210377518726147, -2.763113255617844], [0.0, 0.0, 0.0, 1.0]]}, {"file_path": "./10-blend", "transform_matrix": [[0.9834372128771802, -0.06956559424981752, 0.1673674891519658, 0.5021024674558974], [-1.5028826836539256e-17, 0.9234112521726379, 0.3838120104438643, 1.1514360313315928], [-0.1812491333175517, -0.37745501381970115, 0.908116988176086, 2.724350964528258], [0.0, 0.0, 0.0, 1.0]]}, {"file_path": "./100-blend", "transform_matrix": [[-0.5772340939825589, 0.6971833952905562, -0.4251307023437223, -1.2753921070311667], [0.0, 0.5206242749081784, 0.8537859007832898, 2.561357702349869], [0.8165787168082048, 0.4928343308937251, -0.30052208163194893, -0.9015662448958468], [0.0, 0.0, 0.0, 1.0]]}, {"file_path": "./101-blend", "transform_matrix": [[-0.1259565414361993, -0.8521664885934979, 0.5078850513528222, 1.5236551540584669], [0.0, 0.5119624429775936, 0.8590078328981723, 2.577023498694517], [-0.9920357602775373, 0.1081976556984584, -0.06448501866268506, -0.1934550559880552], [0.0, 0.0, 0.0, 1.0]]}, {"file_path": "./102-blend", "transform_matrix": [[0.7629869612731014, 0.5586501107140078, -0.32520908770584156, -0.9756272631175246], [-1.2846387263789576e-16, 0.5030973198750717, 0.8642297650130547, 2.5926892950391642], [0.64641387433071, -0.6593960422490773, 0.38385669531612243, 1.1515700859483673], [0.0, 0.0, 0.0, 1.0]]}, {"file_path": "./103-blend", "transform_matrix": [[-0.9992491378087082, 0.03368674402531111, -0.01914063388517823, -0.05742190165553468], [0.0, 0.49401796157766326, 0.8694516971279374, 2.6083550913838125], [0.03874481369878125, 0.8687988587214096, -0.4936470221684954, -1.480941066505486], [0.0, 0.0, 0.0, 1.0]]}, {"file_path": "./104-blend", "transform_matrix": [[0.7106434700604144, -0.615378655802402, 0.3410204809733893, 1.0230614429201679], [0.0, 0.48471232943591813, 0.8746736292428199, 2.6240208877284594], [-0.7035523139472237, -0.6215811030554539, 0.3444576517714077, 1.033372955314223], [0.0, 0.0, 0.0, 1.0]]}, {"file_path": "./105-blend", "transform_matrix": [[-0.04876361865534213, 0.8788487910609566, -0.4746018457047249, -1.423805537114175], [3.049119259374554e-18, 0.47516712965336055, 0.8798955613577025, 2.6396866840731072], [0.9988103471108198, 0.0429068916105752, -0.023170868707969985, -0.06951260612390996], [0.0, 0.0, 0.0, 1.0]]}, {"file_path": "./106-blend", "transform_matrix": [[-0.6387299205022209, -0.6810368524386824, 0.3580682815827724, 1.074204844748317], [-3.7805139709783525e-17, 0.4653676210790868, 0.8851174934725848, 2.6553524804177546], [-0.7694310161770366, 0.565351026240869, -0.2972442236161531, -0.8917326708484593], [0.0, 0.0, 0.0, 1.0]]}, {"file_path": "./107-blend", "transform_matrix": [[0.990722748407174, 0.12099590212089702, -0.06187428753921522, -0.18562286261764566], [-7.79353772784888e-18, 0.4552973833052183, 0.8903394255874674, 2.671018276762402], [0.13589862320323626, -0.8820795227332803, 0.45107347493074, 1.3532204247922202], [0.0, 0.0, 0.0, 1.0]]}, {"file_path": "./108-blend", "transform_matrix": [[-0.8223263224569708, 0.5095889076672944, -0.25317694321728373, -0.759530829651851], [0.0, 0.44493803455124387, 0.8955613577023498, 2.6866840731070494], [0.5690161855293696, 0.736443677813945, -0.36588425767375704, -1.097652773021271], [0.0, 0.0, 0.0, 1.0]]}, {"file_path": "./11-blend", "transform_matrix": [[-0.6027239639204157, 0.310429542030737, -0.7350900099652073, -2.205270029895621], [2.040284635588272e-17, 0.9212234210750385, 0.3890339425587468, 1.1671018276762404], [0.7979497624011561, 0.2344800799585951, -0.5552434320066733, -1.6657302960200198], [0.0, 0.0, 0.0, 1.0]]}, {"file_path": "./110-blend", "transform_matrix": [[0.49494497111324964, 0.7872499722608274, -0.3677865641170579, -1.103359692351174], [4.370115226697433e-17, 0.4232665092252629, 0.9060052219321149, 2.7180156657963446], [0.8689243209680029, -0.44842272839764397, 0.2094936301817035, 0.6284808905451105], [0.0, 0.0, 0.0, 1.0]]}, {"file_path": "./111-blend", "transform_matrix": [[-0.9519069633218771, -0.2791883613573991, 0.12620218723101684, 0.3786065616930504], [-3.045955719422886e-17, 0.41190420455174975, 0.9112271540469975, 2.7336814621409924], [-0.30638722750683045, 0.8674034731053137, -0.39209448053436896, -1.1762834416031067], [0.0, 0.0, 0.0, 1.0]]}, {"file_path": "./112-blend", "transform_matrix": [[0.9088681680460692, -0.3822358002728515, 0.16689651315217705, 0.500689539456531], [0.0, 0.40015131197217796, 0.9164490861618799, 2.7493472584856398], [-0.417083508559835, -0.8329314020474421, 0.3636847898533843, 1.091054369560153], [0.0, 0.0, 0.0, 1.0]]}, {"file_path": "./113-blend", "transform_matrix": [[-0.3884352394647474, 0.849297746325465, -0.3575072066804398, -1.0725216200413192], [0.0, 0.38797233673121057, 0.9216710182767625, 2.765013054830287], [0.9214760250500088, 0.3580095026920517, -0.1507021275238855, -0.45210638257165653], [0.0, 0.0, 0.0, 1.0]]}, {"file_path": "./114-blend", "transform_matrix": [[-0.3360280545859575, -0.8729959577702961, 0.3535013497115679, 1.0605040491347038], [0.0, 0.37532580315543385, 0.926892950391645, 2.780678851174935], [-0.9418519769747137, 0.31146203492954283, -0.12611999947023256, -0.3783599984106977], [0.0, 0.0, 0.0, 1.0]]}, {"file_path": "./115-blend", "transform_matrix": [[0.8839884986902178, 0.4357717667354311, -0.1693142093850832, -0.5079426281552497], [-5.955398017246987e-17, 0.36216273387780035, 0.9321148825065277, 2.7963446475195832], [0.4675086461055184, -0.8239788355937542, 0.3201476914021809, 0.9604430742065428], [0.0, 0.0, 0.0, 1.0]]}, {"file_path": "./116-blend", "transform_matrix": [[-0.967623160440916, 0.2365831795269761, -0.08794213178698972, -0.26382639536096913], [1.4805550781038826e-17, 0.3484245914905962, 0.9373368146214097, 2.8120104438642293], [0.252399325233515, 0.9069888109615895, -0.33714370439346636, -1.011431113180399], [0.0, 0.0, 0.0, 1.0]]}, {"file_path": "./117-blend", "transform_matrix": [[0.54300190974373, -0.7914962331505081, 0.280504258297835, 0.8415127748935047], [-2.1968433548694377e-17, 0.3340404301142452, 0.9425587467362924, 2.827676240208877], [-0.8397314606555252, -0.5118111995234634, 0.18138459148365207, 0.5441537744509563], [0.0, 0.0, 0.0, 1.0]]}, {"file_path": "./118-blend", "transform_matrix": [[0.1668377424769418, 0.9344969306332894, -0.31445294452772793, -0.9433588335831837], [-6.484375055191348e-18, 0.31892285085331556, 0.947780678851175, 2.843342036553525], [0.9859843648279609, -0.1581255888227934, 0.05320836846067742, 0.15962510538203226], [0.0, 0.0, 0.0, 1.0]]}, {"file_path": "./119-blend", "transform_matrix": [[-0.7890438277263685, -0.5854646784195395, 0.18612078940845375, 0.5583623682253613], [-5.824868745636095e-17, 0.30296208259760393, 0.9530026109660574, 2.8590078328981723], [-0.6143369091361197, 0.7519608279898812, -0.2390503613087656, -0.7171510839262969], [0.0, 0.0, 0.0, 1.0]]}, {"file_path": "./12-blend", "transform_matrix": [[-0.0945774267433319, -0.3924886261894607, 0.9148812975804673, 2.744643892741402], [0.0, 0.9190007101658472, 0.3942558746736293, 1.1827676240208878], [-0.9955175088116782, 0.037287706105073426, -0.08691672234278043, -0.26075016702834125], [0.0, 0.0, 0.0, 1.0]]}, {"file_path": "./120-blend", "transform_matrix": [[0.996794981533308, -0.07665655478363911, 0.022880939637945397, 0.0686428189138362], [-3.620703494818078e-18, 0.28601700130818064, 0.9582245430809399, 2.8746736292428197], [-0.07999852992407026, -0.9551534157251279, 0.2851003115372009, 0.8553009346116027], [0.0, 0.0, 0.0, 1.0]]}, {"file_path": "./121-blend", "transform_matrix": [[-0.6809673666882657, 0.7055451124015042, -0.19618751201847082, -0.5885625360554125], [1.958281071749735e-17, 0.2679008947964625, 0.9634464751958225, 2.8903394255874675], [0.7323137616525097, 0.6560756091591908, -0.18243176686297735, -0.547295300588932], [0.0, 0.0, 0.0, 1.0]]}, {"file_path": "./122-blend", "transform_matrix": [[0.007453304832708261, -0.9686415013230144, 0.24835074020781103, 0.7450522206234331], [0.0, 0.24835763865470709, 0.9686684073107048, 2.9060052219321144], [-0.9999722237377751, -0.00721978092150069, 0.0018510851884251459, 0.005553255565275438], [0.0, 0.0, 0.0, 1.0]]}, {"file_path": "./123-blend", "transform_matrix": [[0.6699756966436614, 0.7229996628249946, -0.16853502146967683, -0.5056050644090304], [0.0, 0.22701895685936413, 0.9738903394255877, 2.921671018276763], [0.742383031801536, -0.6524828586111898, 0.15209718377316978, 0.4562915513195093], [0.0, 0.0, 0.0, 1.0]]}, {"file_path": "./124-blend", "transform_matrix": [[-0.9954917603802355, -0.0928669022097588, 0.019284540155865865, 0.057853620467597594], [-3.543461820261958e-18, 0.20332033769119412, 0.9791122715404699, 2.9373368146214096], [-0.09484806279023365, 0.9746981988057135, -0.20240372088931055, -0.6072111626679316], [0.0, 0.0, 0.0, 1.0]]}, {"file_path": "./125-blend", "transform_matrix": [[0.7981135883319734, -0.5930682603526398, 0.10622965067322203, 0.3186889520196661], [-2.81973089145514e-17, 0.17631272079513494, 0.9843342036553523, 2.9530026109660565], [-0.6025070125067934, -0.7856105033972687, 0.14071757826237966, 0.422152734787139], [0.0, 0.0, 0.0, 1.0]]}, {"file_path": "./126-blend", "transform_matrix": [[-0.18151648203481036, 0.9731175327441695, -0.1417534275268381, -0.4252602825805144], [0.0, 0.14414802863542872, 0.989556135770235, 2.9686684073107052], [0.9833879024828943, 0.17962074854097423, -0.02616524305015607, -0.07849572915046822], [0.0, 0.0, 0.0, 1.0]]}, {"file_path": "./127-blend", "transform_matrix": [[-0.5304243789108342, -0.843305455938864, 0.08652101617989025, 0.25956304853967077], [0.0, 0.10206172472946268, 0.9947780678851174, 2.984334203655352], [-0.8477322562325065, 0.527654538812083, -0.054136026950194926, -0.16240808085058475], [0.0, 0.0, 0.0, 1.0]]}, {"file_path": "./13-blend", "transform_matrix": [[0.7422008660189487, 0.267721035765128, -0.6143804370986837, -1.8431413112960509], [0.0, 0.9167428657390471, 0.3994778067885118, 1.1984334203655354], [0.6701774947584577, -0.2964927741537838, 0.6804073488682137, 2.041222046604641], [0.0, 0.0, 0.0, 1.0]]}, {"file_path": "./14-blend", "transform_matrix": [[-0.9999742130269909, 0.002906332544538201, -0.006567077903482583, -0.01970123371044775], [-9.485068524873844e-19, 0.9144496275528382, 0.4046997389033943, 1.2140992167101827], [0.007181453964891171, 0.40468930292215033, -0.9144260466649743, -2.743278139994923], [0.0, 0.0, 0.0, 1.0]]}, {"file_path": "./15-blend", "transform_matrix": [[0.7324988611150094, -0.2790616611021921, 0.6209428377621401, 1.8628285132864202], [0.0, 0.9121207286481234, 0.40992167101827676, 1.2297650130548303], [-0.6807682560645834, -0.3002671571672493, 0.668127394934143, 2.004382184802429], [0.0, 0.0, 0.0, 1.0]]}, {"file_path": "./16-blend", "transform_matrix": [[-0.08026951380107501, 0.4138040162793494, -0.9068202916042509, -2.720460874812753], [0.0, 0.9097558951595852, 0.41514360313315934, 1.2454308093994781], [0.9967731964464831, 0.03332337518112513, -0.07302566338212166, -0.21907699014636495], [0.0, 0.0, 0.0, 1.0]]}, {"file_path": "./17-blend", "transform_matrix": [[-0.6141223784444045, -0.331757025014726, 0.7160942540246823, 2.148282762074046], [0.0, 0.9073548461189963, 0.42036553524804177, 1.261096605744125], [-0.7892108110598762, 0.25815588232258263, -0.5572269161916547, -1.6716807485749638], [0.0, 0.0, 0.0, 1.0]]}, {"file_path": "./18-blend", "transform_matrix": [[0.9859389721935476, 0.07111812747534194, -0.1512169139161758, -0.45365074174852754], [-3.067194739525104e-17, 0.9049172932503898, 0.42558746736292413, 1.2767624020887727], [0.16710578419052738, -0.41960327015025645, 0.8921932260274563, 2.676579678082369], [0.0, 0.0, 0.0, 1.0]]}, {"file_path": "./19-blend", "transform_matrix": [[-0.8398790491157225, 0.2338319694619311, -0.4898222054113352, -1.4694666162340053], [-6.151208982222479e-17, 0.9024429407566837, 0.43080939947780694, 1.2924281984334205], [0.542773601841937, 0.36182778878353583, -0.7579429189639201, -2.27382875689176], [0.0, 0.0, 0.0, 1.0]]}, {"file_path": "./2-blend", "transform_matrix": [[0.8615880631128773, -0.17362053393132862, 0.4769925782428916, 1.430977734728675], [-5.907410875874818e-17, 0.9396866477996129, 0.3420365535248043, 1.0261096605744129], [-0.5076081259213655, -0.29469461166524, 0.809622798810701, 2.428868396432103], [0.0, 0.0, 0.0, 1.0]]}, {"file_path": "./20-blend", "transform_matrix": [[0.25266237214237225, -0.4218840804559287, 0.8707327651818582, 2.6121982955455745], [1.2083844552505361e-17, 0.8999314850973413, 0.4360313315926894, 1.3080939947780683], [-0.96755450787198, -0.11016871056860617, 0.2273788237903021, 0.6821364713709063], [0.0, 0.0, 0.0, 1.0]]}, {"file_path": "./21-blend", "transform_matrix": [[0.467268309357259, 0.39011887725206706, -0.7933899348252381, -2.3801698044757145], [2.2020994328720798e-17, 0.8973826147566133, 0.4412532637075719, 1.323759791122716], [0.8841155620564595, -0.2061836665310099, 0.4193184572439191, 1.2579553717317573], [0.0, 0.0, 0.0, 1.0]]}, {"file_path": "./22-blend", "transform_matrix": [[-0.9417605902070175, -0.1501425059608852, 0.3009056640156769, 0.9027169920470309], [3.101888621024395e-17, 0.8947960100018892, 0.44647519582245426, 1.3394255874673628], [-0.336284092298357, 0.4204727439305482, -0.8426836184942635, -2.5280508554827907], [0.0, 0.0, 0.0, 1.0]]}, {"file_path": "./23-blend", "transform_matrix": [[0.9215815902814206, -0.17534192058070788, 0.3463272777900067, 1.0389818333700205], [-3.1110140271663414e-17, 0.8921713426316502, 0.4516971279373368, 1.3550913838120107], [-0.38818471434919716, -0.4162757574900412, 0.8222086847459862, 2.4666260542379588], [0.0, 0.0, 0.0, 1.0]]}, {"file_path": "./24-blend", "transform_matrix": [[-0.4173305763599015, 0.4152273647770284, -0.8083448679712373, -2.425034603913712], [-2.2436077106481253e-17, 0.8895082757124841, 0.4569190600522193, 1.3707571801566578], [0.9087547469120106, 0.19068629468141712, -0.3712190013799931, -1.1136570041399791], [0.0, 0.0, 0.0, 1.0]]}, {"file_path": "./25-blend", "transform_matrix": [[-0.30612843252484917, -0.43995370573240844, 0.8442310818799554, 2.5326932456398663], [0.0, 0.8868064633045964, 0.4621409921671018, 1.3864229765013054], [-0.951990222008545, 0.14147449753759353, -0.2714766725643413, -0.814430017693024], [0.0, 0.0, 0.0, 1.0]]}, {"file_path": "./26-blend", "transform_matrix": [[0.8687897340373563, 0.23142932292088061, -0.437772619659661, -1.3133178589789831], [0.0, 0.8840655501752074, 0.4673629242819844, 1.4020887728459532], [0.4951811769759625, -0.40604011068586626, 0.7680670742083076, 2.304201222624923], [0.0, 0.0, 0.0, 1.0]]}, {"file_path": "./27-blend", "transform_matrix": [[-0.9751085904213533, 0.1047852214028799, -0.1954054611878368, -0.5862163835635104], [-1.5747215835036033e-17, 0.8812851714991877, 0.4725848563968668, 1.4177545691906006], [0.22172784418399452, 0.4608215531756264, -0.8593487413398135, -2.578046224019441], [0.0, 0.0, 0.0, 1.0]]}, {"file_path": "./28-blend", "transform_matrix": [[0.5692397206095379, -0.39283917198573826, 0.7222489359174822, 2.1667468077524457], [0.0, 0.8784649525462518, 0.4778067885117494, 1.4334203655352484], [-0.8221716003854521, -0.27198660279776865, 0.5000571441526991, 1.5001714324580975], [0.0, 0.0, 0.0, 1.0]]}, {"file_path": "./29-blend", "transform_matrix": [[0.1356292821343425, 0.47856536954212414, -0.8675136223153692, -2.602540866946108], [0.0, 0.875604508353971, 0.48302872062663194, 1.4490861618798958], [0.9907596569439647, -0.06551283862885995, 0.11875761090164298, 0.3562728327049289], [0.0, 0.0, 0.0, 1.0]]}, {"file_path": "./3-blend", "transform_matrix": [[-0.292423861114965, 0.332079403508073, -0.8967784315071021, -2.690335294521306], [0.0, 0.9377694514918, 0.34725848563968675, 1.0417754569190603], [0.9562888085984358, 0.1015466671756928, -0.274226163840895, -0.822678491522685], [0.0, 0.0, 0.0, 1.0]]}, {"file_path": "./30-blend", "transform_matrix": [[-0.7692573438134782, -0.3119624194477872, 0.5576043291091948, 1.672812987327584], [-6.360826424139114e-17, 0.8727034433858303, 0.48825065274151447, 1.4647519582245434], [-0.6389390729866441, 0.37559040024313434, -0.6713335327958599, -2.0140005983875797], [0.0, 0.0, 0.0, 1.0]]}, {"file_path": "./31-blend", "transform_matrix": [[0.9988235669881874, -0.02392951311218928, 0.04217653887183689, 0.12652961661551068], [3.9889642685002945e-18, 0.8697613511734965, 0.4934725848563967, 1.4804177545691903], [-0.048492082126817423, -0.49289204741714726, 0.8687381352075773, 2.606214405622732], [0.0, 0.0, 0.0, 1.0]]}, {"file_path": "./32-blend", "transform_matrix": [[-0.7037454821630841, 0.354298605426577, -0.6158041852146111, -1.8474125556438332], [1.2808623003113944e-16, 0.8667778139424095, 0.4986945169712793, 1.496083550913838], [0.7104521773737119, 0.35095401329803927, -0.6099909706011649, -1.8299729118034949], [0.0, 0.0, 0.0, 1.0]]}, {"file_path": "./33-blend", "transform_matrix": [[0.03901646628239406, -0.5035327508706345, 0.863094713319162, 2.589284139957486], [-2.994461322372445e-18, 0.8637524022197528, 0.5039164490861618, 1.5117493472584853], [-0.9992385677899123, -0.019661039144913975, 0.03370056647754385, 0.10110169943263157], [0.0, 0.0, 0.0, 1.0]]}, {"file_path": "./34-blend", "transform_matrix": [[0.646206426224624, 0.38855540433688734, -0.6568424106789983, -1.9705272320369953], [0.0, 0.860684674423787, 0.5091383812010443, 1.527415143603133], [0.7631626659539892, -0.32900849376971714, 0.5561799675656993, 1.6685399026970982], [0.0, 0.0, 0.0, 1.0]]}, {"file_path": "./35-blend", "transform_matrix": [[-0.9920014813069173, -0.06492576309916055, 0.10824835504927169, 0.32474506514781504], [0.0, 0.8575741764334683, 0.514360313315927, 1.5430809399477812], [-0.12622622978161668, 0.5102461927348896, -0.8507148533525603, -2.552144560057681], [0.0, 0.0, 0.0, 1.0]]}, {"file_path": "./36-blend", "transform_matrix": [[0.8167356124220337, -0.2998052316879072, 0.49301091514708467, 1.479032745441254], [0.0, 0.8544204411371946, 0.5195822454308094, 1.558746736292428], [-0.5770120790777309, -0.4243613234255475, 0.6978356022580908, 2.0935068067742724], [0.0, 0.0, 0.0, 1.0]]}, {"file_path": "./37-blend", "transform_matrix": [[-0.2124693631295973, 0.5128217061090266, -0.8317876336389779, -2.495362900916934], [-2.3086744561611697e-17, 0.8512229879594359, 0.524804177545692, 1.574412532637076], [0.9771677285560056, 0.11150480937088532, -0.18085880613301414, -0.5425764183990425], [0.0, 0.0, 0.0, 1.0]]}, {"file_path": "./38-blend", "transform_matrix": [[-0.5033990205882545, -0.4579712142488193, 0.7327017080574116, 2.1981051241722347], [4.06731153233759e-17, 0.8479813223639284, 0.5300261096605744, 1.590078328981723], [-0.8640540643216641, 0.2668146244893359, -0.4268729671551345, -1.2806189014654037], [0.0, 0.0, 0.0, 1.0]]}, {"file_path": "./39-blend", "transform_matrix": [[0.954850905203453, 0.15901439114676208, -0.25094655255725445, -0.7528396576717634], [0.0, 0.8446949353320042, 0.535248041775457, 1.6057441253263713], [0.2970854234595604, -0.5110820771976706, 0.8065577236225364, 2.4196731708676094], [0.0, 0.0, 0.0, 1.0]]}, {"file_path": "./4-blend", "transform_matrix": [[-0.43033955432546617, -0.318172471534409, 0.8447331805609656, 2.534199541682897], [2.3446055668090595e-17, 0.935819189320012, 0.35248041775456923, 1.0574412532637079], [-0.9026670859087303, 0.15168626588495548, -0.40272001286119297, -1.208160038583579], [0.0, 0.0, 0.0, 1.0]]}, {"file_path": "./40-blend", "transform_matrix": [[-0.904755660815456, 0.23020290214930084, -0.35836269067025783, -1.0750880720107734], [0.0, 0.8413633028145308, 0.5404699738903394, 1.6214099216710178], [0.42593097354194315, 0.48899326837806634, -0.7612282110238356, -2.283684633071507], [0.0, 0.0, 0.0, 1.0]]}, {"file_path": "./41-blend", "transform_matrix": [[0.3794264278975791, -0.5048861084506846, 0.7753229026066538, 2.3259687078199613], [2.151953344982787e-17, 0.837985885155823, 0.5456919060052218, 1.6370757180156654], [-0.9252219116584318, -0.20704993062818278, 0.3179539910332649, 0.9538619730997946], [0.0, 0.0, 0.0, 1.0]]}, {"file_path": "./42-blend", "transform_matrix": [[0.3452011819112392, 0.5170484551365169, -0.7832605179938694, -2.3497815539816087], [0.0, 0.8345621264877621, 0.5509138381201044, 1.652741514360313], [0.9385287124041989, -0.19017610805031718, 0.28809183244193265, 0.8642754973257979], [0.0, 0.0, 0.0, 1.0]]}, {"file_path": "./43-blend", "transform_matrix": [[-0.8885076443319909, -0.2551894693397497, 0.3813561336883321, 1.1440684010649962], [6.679307187906359e-17, 0.8310914540922303, 0.556135770234987, 1.6684073107049606], [-0.4588618157611463, 0.49413088314024556, -0.7384311100999366, -2.2152933302998097], [0.0, 0.0, 0.0, 1.0]]}, {"file_path": "./44-blend", "transform_matrix": [[0.965114587818971, -0.1469790903033041, 0.21668174679153498, 0.650045240374605], [0.0, 0.8275732777298185, 0.5613577023498696, 1.6840731070496087], [-0.26182786784263, -0.541774507522399, 0.7987030428262084, 2.396109128478625], [0.0, 0.0, 0.0, 1.0]]}, {"file_path": "./45-blend", "transform_matrix": [[-0.5347832773422291, 0.4787537049711223, -0.6962770542331035, -2.0888311626993104], [0.0, 0.8240069889326109, 0.566579634464752, 1.699738903394256], [0.8449892580826722, 0.3029973137944223, -0.4406651580942835, -1.3219954742828506], [0.0, 0.0, 0.0, 1.0]]}, {"file_path": "./46-blend", "transform_matrix": [[-0.1764494973611814, -0.5628298253710584, 0.8075197598534481, 2.4225592795603443], [-1.120658787786344e-17, 0.8203919602586778, 0.5718015665796344, 1.7154046997389034], [-0.9843096945987003, 0.1008940990133126, -0.144757749026798, -0.43427324708039405], [0.0, 0.0, 0.0, 1.0]]}, {"file_path": "./47-blend", "transform_matrix": [[0.7950000131556301, 0.3500278854223741, -0.4954346157761785, -1.4863038473285355], [-1.3593554326578543e-16, 0.8167275445057175, 0.577023498694517, 1.731070496083551], [0.6066094122930736, -0.45873368905324863, 0.6492984086266107, 1.947895225879832], [0.0, 0.0, 0.0, 1.0]]}, {"file_path": "./48-blend", "transform_matrix": [[-0.9959670381844767, 0.0522389966166354, -0.07294344441091478, -0.21883033323274434], [1.706957520568017e-17, 0.813013073881089, 0.5822454308093993, 1.7467362924281977], [0.08971989105009578, 0.579897257219682, -0.8097342231986053, -2.4292026695958158], [0.0, 0.0, 0.0, 1.0]]}, {"file_path": "./49-blend", "transform_matrix": [[0.673790181942551, -0.43409298354609754, 0.5979716317300272, 1.7939148951900816], [0.0, 0.8092478591252433, 0.5874673629242819, 1.762402088772846], [-0.7389227231029127, -0.39582974135006266, 0.5452632622366178, 1.6357897867098534], [0.0, 0.0, 0.0, 1.0]]}, {"file_path": "./5-blend", "transform_matrix": [[0.9270618498463646, 0.13410562433331302, -0.3501028535753584, -1.0503085607260751], [2.972212026098896e-17, 0.9338356541157937, 0.35770234986945165, 1.0731070496083548], [0.3749084242310868, -0.33161220216436543, 0.8657234089570779, 2.5971702268712336], [0.0, 0.0, 0.0, 1.0]]}, {"file_path": "./50-blend", "transform_matrix": [[0.0023032171463510144, 0.5926877229852602, -0.8054290522530985, -2.416287156759296], [-1.7464958564715e-19, 0.8054311885853305, 0.5926892950391643, 1.7780678851174931], [0.9999973475918706, -0.0013650921467928986, 0.001855082923755611, 0.005565248771266833], [0.0, 0.0, 0.0, 1.0]]}, {"file_path": "./51-blend", "transform_matrix": [[-0.6771868232287345, -0.43994973057808623, 0.5897984749129521, 1.769395424738856], [1.3850738575180247e-16, 0.8015623272354693, 0.5979112271540472, 1.7937336814621416], [-0.7358111214471923, 0.4048976044892434, -0.5428074460004187, -1.6284223380012561], [0.0, 0.0, 0.0, 1.0]]}, {"file_path": "./52-blend", "transform_matrix": [[0.9963697590408571, 0.0513453860419113, -0.06790401019874666, -0.20371203059624], [0.0, 0.7976405156398966, 0.6031331592689295, 1.8093994778067886], [0.08513109460628586, -0.6009436405703341, 0.7947448883693488, 2.384234665108046], [0.0, 0.0, 0.0, 1.0]]}, {"file_path": "./53-blend", "transform_matrix": [[-0.7921972795215426, 0.3712578697335437, -0.48434601730537435, -1.453038051916123], [1.3988560263999502e-16, 0.7936649688548649, 0.6083550913838122, 1.8250652741514364], [0.610265082008357, 0.4819372483773353, -0.6287392291783737, -1.8862176875351209], [0.0, 0.0, 0.0, 1.0]]}, {"file_path": "./54-blend", "transform_matrix": [[0.17191347939416216, -0.6044421208678682, 0.7778788325461404, 2.333636497638422], [-1.079523737826577e-17, 0.7896348752648165, 0.6135770234986944, 1.840731070496083], [-0.9851120523080574, -0.10548216098597418, 0.13574887885774986, 0.40724663657324955], [0.0, 0.0, 0.0, 1.0]]}, {"file_path": "./55-blend", "transform_matrix": [[0.5386699806667099, 0.5213485503168437, -0.6618386064676585, -1.985515819402975], [0.0, 0.7855493953479604, 0.6187989556135771, 1.8563968668407311], [0.8425168555753211, -0.33332842145694586, 0.4231518776048314, 1.2694556328144946], [0.0, 0.0, 0.0, 1.0]]}, {"file_path": "./56-blend", "transform_matrix": [[-0.9663104379915434, -0.16061009971001697, 0.20111820728051946, 0.6033546218415582], [0.0, 0.7814076603659484, 0.6240208877284595, 1.8720626631853783], [-0.2573793648072657, 0.6029978973367593, -0.755082378538167, -2.2652471356145005], [0.0, 0.0, 0.0, 1.0]]}, {"file_path": "./57-blend", "transform_matrix": [[0.886384506407709, -0.29130783044872127, 0.3598086362493553, 1.0794259087480658], [0.0, 0.7772087709718667, 0.629242819843342, 1.887728459530026], [-0.46294978863842445, -0.5577510862774356, 0.6889058128336402, 2.0667174385009206], [0.0, 0.0, 0.0, 1.0]]}, {"file_path": "./58-blend", "transform_matrix": [[-0.34087426008020016, 0.5964659583500146, -0.7266588603632207, -2.1799765810896616], [0.0, 0.772951795730231, 0.6344647519582246, 1.903394255874674], [0.9401088973171012, 0.21627270287072753, -0.26347937144720446, -0.7904381143416135], [0.0, 0.0, 0.0, 1.0]]}, {"file_path": "./59-blend", "transform_matrix": [[-0.38368436496546887, -0.5907278140934996, 0.709807690672171, 2.1294230720165124], [-5.910336309301911e-17, 0.7686357695420848, 0.6396866840731071, 1.9190600522193215], [-0.9234642971339196, 0.24543777915545656, -0.2949135271264994, -0.884740581379498], [0.0, 0.0, 0.0, 1.0]]}, {"file_path": "./6-blend", "transform_matrix": [[-0.9368335579354149, 0.12694201406150976, -0.32592730752742904, -0.9777819225822871], [-2.978645695722941e-17, 0.9318186333971625, 0.36292428198433413, 1.0887728459530024], [0.34977547759394434, 0.3399996463525395, -0.8729589656759799, -2.6188768970279397], [0.0, 0.0, 0.0, 1.0]]}, {"file_path": "./60-blend", "transform_matrix": [[0.9067080795418692, 0.27199586351907457, -0.32233322621474864, -0.9669996786442461], [-7.26338858567034e-17, 0.7642596919676533, 0.6449086161879896, 1.9347258485639687], [0.4217587681287674, -0.5847438528638165, 0.6929604375752514, 2.078881312725754], [0.0, 0.0, 0.0, 1.0]]}, {"file_path": "./61-blend", "transform_matrix": [[-0.9534722737470218, 0.19600182435579358, -0.229071840357746, -0.6872155210732379], [0.0, 0.7598225254382808, 0.6501305483028723, 1.9503916449086165], [0.30148071778421254, 0.6198814521227375, -0.7244697109738418, -2.1734091329215253], [0.0, 0.0, 0.0, 1.0]]}, {"file_path": "./62-blend", "transform_matrix": [[0.4994134820014136, -0.5677736425978807, 0.6543846458821888, 1.9631539376465668], [0.0, 0.7553231933485801, 0.6553524804177547, 1.9660574412532643], [-0.8663637653983596, -0.327291864183694, 0.37721858602664127, 1.1316557580799238], [0.0, 0.0, 0.0, 1.0]]}, {"file_path": "./63-blend", "transform_matrix": [[0.21696835590586733, 0.6448386300693125, -0.7328764382253241, -2.198629314675973], [0.0, 0.7507605780188257, 0.660574412532637, 1.981723237597911], [0.9761786376148094, -0.14332374424069041, 0.1628912882916833, 0.4886738648750498], [0.0, 0.0, 0.0, 1.0]]}, {"file_path": "./64-blend", "transform_matrix": [[-0.8193849083470344, -0.3816635788581568, 0.4277163599236132, 1.2831490797708394], [0.0, 0.7461335185166267, 0.6657963446475196, 1.9973890339425588], [-0.5732437282457805, 0.5455434768367985, -0.6113705446843964, -1.8341116340531893], [0.0, 0.0, 0.0, 1.0]]}, {"file_path": "./65-blend", "transform_matrix": [[0.9914095052584779, -0.08776547858830475, 0.09697635614574296, 0.2909290684372289], [-1.8717323961640297e-17, 0.7414408083258004, 0.6710182767624022, 2.0130548302872064], [-0.13079446809074213, -0.6652538977844095, 0.735071464960728, 2.205214394882184], [0.0, 0.0, 0.0, 1.0]]}, {"file_path": "./66-blend", "transform_matrix": [[-0.6426841208702491, 0.5180887691295752, -0.5643944968575055, -1.6931834905725167], [-1.507060361255262e-16, 0.7366811928491229, 0.6762402088772845, 2.028720626631854], [0.766131268635627, 0.4346088441394111, -0.4734533047878849, -1.4203599143636547], [0.0, 0.0, 0.0, 1.0]]}, {"file_path": "./67-blend", "transform_matrix": [[-0.04361896692876394, -0.6808135525428962, 0.7311568179248473, 2.1934704537745424], [0.0, 0.7318533667302295, 0.6814621409921671, 2.044386422976501], [-0.9990482399384264, 0.029724674591142003, -0.031922687800110434, -0.0957680634003313], [0.0, 0.0, 0.0, 1.0]]}, {"file_path": "./68-blend", "transform_matrix": [[0.7070106582848071, 0.48562496172094594, -0.5141053643225418, -1.5423160929676254], [1.527221824907718e-16, 0.7269559709783752, 0.6866840731070495, 2.060052219321148], [0.7072028910232789, -0.4854929585611077, 0.5139656195854924, 1.541896858756477], [0.0, 0.0, 0.0, 1.0]]}, {"file_path": "./69-blend", "transform_matrix": [[-0.9990363448487963, -0.030368145300111532, 0.03168844303824105, 0.09506532911472317], [4.805410786271168e-18, 0.7219875898779893, 0.691906005221932, 2.0757180156657964], [-0.04389056471676497, 0.6912392464358513, -0.7212918428178983, -2.163875528453695], [0.0, 0.0, 0.0, 1.0]]}, {"file_path": "./7-blend", "transform_matrix": [[0.45452196927547867, -0.327920912108483, 0.8281773088221392, 2.484531926466418], [0.0, 0.9297679092356402, 0.36814621409921666, 1.1044386422976502], [-0.8907355272166595, -0.16733054221368795, 0.42259994107492777, 1.2677998232247831], [0.0, 0.0, 0.0, 1.0]]}, {"file_path": "./70-blend", "transform_matrix": [[0.7663059592364698, -0.44788784185834524, 0.4606209482363434, 1.3818628447090302], [1.5485432192058056e-16, 0.7169467476629754, 0.6971279373368147, 2.091383812010444], [-0.6424758180964277, -0.5342132927314294, 0.5494005651893438, 1.6482016955680312], [0.0, 0.0, 0.0, 1.0]]}, {"file_path": "./71-blend", "transform_matrix": [[-0.13106398600508046, 0.6962913370257082, -0.705691579626264, -2.1170747388787925], [9.793437999814694e-18, 0.7118319049334498, 0.7023498694516972, 2.1070496083550916], [0.9913739110812128, 0.09205277346048735, -0.09329552682616746, -0.27988658047850234], [0.0, 0.0, 0.0, 1.0]]}, {"file_path": "./72-blend", "transform_matrix": [[-0.5730209506023881, -0.5798839030309514, 0.5791214459647697, 1.737364337894309], [0.0, 0.7066414547900689, 0.7075718015665796, 2.122715404699739], [-0.8195407190437433, 0.40545346635312585, -0.4049203581588597, -1.214761074476579], [0.0, 0.0, 0.0, 1.0]]}, {"file_path": "./73-blend", "transform_matrix": [[0.9761196169272089, 0.1548428414885232, -0.15236202902836093, -0.4570860870850827], [0.0, 0.7013737186582064, 0.7127937336814621, 2.138381201044387], [0.21723373000038237, -0.6957719462692638, 0.6846246455794602, 2.0538739367383805], [0.0, 0.0, 0.0, 1.0]]}, {"file_path": "./74-blend", "transform_matrix": [[-0.8664995030053535, 0.3584175777099079, -0.3474412918466044, -1.0423238755398132], [0.0, 0.6960269417709576, 0.7180156657963446, 2.154046997389034], [0.4991779355014354, 0.6221602175625908, -0.6031069991228709, -1.8093209973686126], [0.0, 0.0, 0.0, 1.0]]}, {"file_path": "./75-blend", "transform_matrix": [[0.30173991584577736, -0.6895276949121114, 0.6584106477986011, 1.9752319433958032], [0.0, 0.6905992882762032, 0.7232375979112271, 2.169712793733681], [-0.9533902785246884, -0.21822965193023575, 0.20838137112761534, 0.625144113382846], [0.0, 0.0, 0.0, 1.0]]}, {"file_path": "./76-blend", "transform_matrix": [[0.42151225656804914, 0.6605836412038374, -0.6212541110824061, -1.8637623332472182], [0.0, 0.6850888359286987, 0.7284595300261096, 2.185378590078329], [0.9068227045916479, -0.307054620319806, 0.28877334118188375, 0.8663200235456512], [0.0, 0.0, 0.0, 1.0]]}, {"file_path": "./77-blend", "transform_matrix": [[-0.9233599552895645, -0.2816862871631853, 0.260881637130467, 0.7826449113914012], [0.0, 0.6794935703232633, 0.7336814621409924, 2.2010443864229767], [-0.3839354020765122, 0.677452082079289, -0.6274171527132352, -1.8822514581397056], [0.0, 0.0, 0.0, 1.0]]}, {"file_path": "./78-blend", "transform_matrix": [[0.9402015320204016, -0.25168429231443307, 0.22951273644108017, 0.6885382093232406], [3.756319950807729e-17, 0.673811378619527, 0.7389033942558747, 2.216710182767624], [-0.34061867122412676, -0.6947181032944483, 0.633518490470858, 1.9005554714125739], [0.0, 0.0, 0.0, 1.0]]}, {"file_path": "./79-blend", "transform_matrix": [[-0.46319074237726726, 0.6594874826111087, -0.5920562443343188, -1.776168733002956], [-3.6608909382346776e-17, 0.6680400427022427, 0.7441253263707571, 2.232375979112271], [0.8862586169826481, 0.3446719623433973, -0.30942996331699313, -0.9282898899509795], [0.0, 0.0, 0.0, 1.0]]}, {"file_path": "./8-blend", "transform_matrix": [[0.266532848842144, 0.3598618653404021, -0.8941250910033881, -2.682375273010164], [1.2408478286587808e-17, 0.927683258118118, 0.37336814621409914, 1.1201044386422974], [0.9638258351424756, -0.09951487567735404, 0.24725806160938416, 0.7417741848281525], [0.0, 0.0, 0.0, 1.0]]}, {"file_path": "./80-blend", "transform_matrix": [[-0.25711665593440775, -0.7241544831314405, 0.639915080148721, 1.9197452404461626], [0.0, 0.6621772317137277, 0.7493472584856398, 2.2480417754569193], [-0.9663803729593784, 0.19266966123544396, -0.17025679545413713, -0.5107703863624115], [0.0, 0.0, 0.0, 1.0]]}, {"file_path": "./81-blend", "transform_matrix": [[0.8423703826204824, 0.40663658664405083, -0.353636571760186, -1.060909715280558], [-1.471333627790432e-16, 0.6562204938863707, 0.7545691906005224, 2.263707571801567], [0.5388990058293128, -0.6356267377997897, 0.5527807085184643, 1.6583421255553927], [0.0, 0.0, 0.0, 1.0]]}, {"file_path": "./82-blend", "transform_matrix": [[-0.9851587519841595, 0.13041485047391801, -0.11159838782383504, -0.33479516347150506], [-1.8265267114752364e-17, 0.6501672475931597, 0.7597911227154046, 2.279373368146214], [0.17164566230759656, 0.7485148742229514, -0.6405179542198531, -1.9215538626595594], [0.0, 0.0, 0.0, 1.0]]}, {"file_path": "./83-blend", "transform_matrix": [[0.6104804247387435, -0.6059143185416427, 0.5100798855052218, 1.5302396565156655], [-1.4512471618820307e-16, 0.6440147715225419, 0.7650130548302871, 2.295039164490862], [-0.7920313447148435, -0.4670254946434774, 0.39315841125710643, 1.1794752337713192], [0.0, 0.0, 0.0, 1.0]]}, {"file_path": "./84-blend", "transform_matrix": [[0.08486022022737322, 0.7674566459839748, -0.6354597072655277, -1.906379121796583], [0.0, 0.6377601938703716, 0.7702349869451696, 2.310704960835509], [0.9963928658029231, -0.06536231061899506, 0.05412047050409199, 0.16236141151227595], [0.0, 0.0, 0.0, 1.0]]}, {"file_path": "./85-blend", "transform_matrix": [[-0.7356269955039748, -0.5252843076542115, 0.4277023727056357, 1.2831071181169074], [1.431701745560387e-16, 0.6314004804257689, 0.7754569190600522, 2.3263707571801566], [-0.6773868344497072, 0.5704470435109152, -0.46447523837537447, -1.3934257151261236], [0.0, 0.0, 0.0, 1.0]]}, {"file_path": "./86-blend", "transform_matrix": [[0.9999966844902053, 0.0020103061896681517, -0.0016092475324420116, -0.004827742597326035], [2.777588174327413e-19, 0.6249324214090547, 0.7806788511749345, 2.342036553524804], [0.0025750744837555258, -0.7806762628265572, 0.6249303494394903, 1.874791048318471], [0.0, 0.0, 0.0, 1.0]]}, {"file_path": "./87-blend", "transform_matrix": [[-0.739105871145222, 0.5293743387469028, -0.41651569083882267, -1.249547072516468], [0.0, 0.6183526168978761, 0.7859007832898172, 2.3577023498694523], [0.6735892748839327, 0.5808638830671328, -0.4570280495872326, -1.3710841487616976], [0.0, 0.0, 0.0, 1.0]]}, {"file_path": "./88-blend", "transform_matrix": [[0.08999064948472114, -0.7879128222454536, 0.6091757279689682, 1.827527183906905], [0.0, 0.6116574606515434, 0.7911227154046999, 2.3733681462141], [-0.9959426102970583, -0.07119364698138517, 0.05504345214620764, 0.16513035643862295], [0.0, 0.0, 0.0, 1.0]]}, {"file_path": "./89-blend", "transform_matrix": [[0.606393262649043, 0.6332253084160383, -0.4809500179803113, -1.4428500539409337], [0.0, 0.6048431221125957, 0.7963446475195824, 2.3890339425587475], [0.7951648954863693, -0.48289802900250167, 0.3667727942086904, 1.1003183826260712], [0.0, 0.0, 0.0, 1.0]]}, {"file_path": "./9-blend", "transform_matrix": [[-0.847588024719048, -0.2009006507126052, 0.4911552391007496, 1.4734657173022485], [2.998772866820793e-17, 0.9255644508033222, 0.37859007832898184, 1.1357702349869454], [-0.5306548222270884, 0.32088841666909124, -0.7844973446065584, -2.353492033819675], [0.0, 0.0, 0.0, 1.0]]}, {"file_path": "./90-blend", "transform_matrix": [[-0.9842616889922943, -0.1416505081416414, 0.10566012078949828, 0.31698036236849486], [-1.73133313693581e-17, 0.5979055263276175, 0.8015665796344648, 2.4046997389033944], [-0.17671708344706402, 0.7889512755107945, -0.5884955032010473, -1.7654865096031418], [0.0, 0.0, 0.0, 1.0]]}, {"file_path": "./91-blend", "transform_matrix": [[0.8451346120464281, -0.43127165528472666, 0.3158357909881423, 0.9475073729644269], [6.880508388858171e-17, 0.5908403314849737, 0.8067885117493471, 2.4203655352480413], [-0.5345535403690949, -0.6818448958807998, 0.49933961433093627, 1.498018842992809], [0.0, 0.0, 0.0, 1.0]]}, {"file_path": "./92-blend", "transform_matrix": [[-0.26209023242739415, 0.7836252969406231, -0.5632407159118332, -1.6897221477354998], [0.0, 0.5836429037137492, 0.8120104438642298, 2.4360313315926896], [0.9650433721165874, 0.21282000596584744, -0.15296710428893578, -0.45890131286680735], [0.0, 0.0, 0.0, 1.0]]}, {"file_path": "./93-blend", "transform_matrix": [[-0.4586202507658723, -0.7262191323359178, 0.5121261928633559, 1.5363785785900677], [0.0, 0.5763082887236092, 0.8172323759791121, 2.4516971279373365], [-0.8886323568199892, 0.37479931720553006, -0.2643066518928725, -0.7929199556786176], [0.0, 0.0, 0.0, 1.0]]}, {"file_path": "./94-blend", "transform_matrix": [[0.9384348319699451, 0.2841220352111206, -0.19650632369730894, -0.5895189710919269], [3.3747255431066263e-17, 0.5688311797867873, 0.8224543080939948, 2.4673629242819843], [0.34545631582812436, -0.7718197704191455, 0.5338109926224792, 1.6014329778674379], [0.0, 0.0, 0.0, 1.0]]}, {"file_path": "./95-blend", "transform_matrix": [[-0.9253250276326318, 0.31383404300405865, -0.21279517543496146, -0.6383855263048845], [0.0, 0.561205881467485, 0.8276762402088773, 2.4830287206266313], [0.379174884765156, 0.7658695398421522, -0.5192978477764961, -1.5578935433294887], [0.0, 0.0, 0.0, 1.0]]}, {"file_path": "./96-blend", "transform_matrix": [[0.4261769229964853, -0.7534728648312556, 0.500651447883883, 1.5019543436516491], [0.0, 0.5534262683860791, 0.83289817232376, 2.49869451697128], [-0.9046398345779652, -0.35496198025033626, 0.23585750416620613, 0.7075725124986184], [0.0, 0.0, 0.0, 1.0]]}, {"file_path": "./97-blend", "transform_matrix": [[0.2968258284867375, 0.8003474016664718, -0.5209015878156726, -1.562704763447018], [2.2214102825725884e-17, 0.5454857381598159, 0.8381201044386423, 2.514360313315927], [0.9549316350101518, -0.248775694371391, 0.16191425615698699, 0.485742768470961], [0.0, 0.0, 0.0, 1.0]]}, {"file_path": "./98-blend", "transform_matrix": [[-0.863