{"camera_angle_x": 1.5707963267948966, "frames": [{"file_path": "./0", "transform_matrix": [[-0.8411269468800773, -0.17260778883766043, 0.5125543975665151, 1.153247394524659], [-5.857432036112123e-17, 0.9477045723965994, 0.31914893617021256, 0.7180851063829783], [-0.5408377383580029, 0.2684447702808756, -0.7971398535242409, -1.793564670429542], [0.0, 0.0, 0.0, 1.0]]}, {"file_path": "./1", "transform_matrix": [[0.9855514761735885, -0.06126372196948437, 0.15790834107958315, 0.3552937674290621], [0.0, 0.9322937149024105, 0.3617021276595745, 0.8138297872340425], [-0.16937617250386858, -0.35647606585002134, 0.9188234469494293, 2.067352755636216], [0.0, 0.0, 0.0, 1.0]]}, {"file_path": "./10", "transform_matrix": [[-0.8463635632843032, 0.3966211870105135, -0.3554720140307367, -0.7998120315691576], [-7.454354593911765e-17, 0.6674207294194944, 0.74468085106383, 1.6755319148936174], [0.5326055939855467, 0.6302707386159705, -0.564880586761292, -1.2709813202129072], [0.0, 0.0, 0.0, 1.0]]}, {"file_path": "./11", "transform_matrix": [[0.2643122416986804, -0.7592377656018882, 0.5947243514201099, 1.3381297906952472], [0.0, 0.6166543296250826, 0.7872340425531914, 1.7712765957446805], [-0.9644371617105068, -0.2080755945287484, 0.16298928821640257, 0.3667258984869058], [0.0, 0.0, 0.0, 1.0]]}, {"file_path": "./12", "transform_matrix": [[0.4565723210368618, 0.7382503355606306, -0.49651601958811886, -1.1171610440732676], [4.0981126023832996e-17, 0.5580798744086809, 0.8297872340425531, 1.8670212765957444], [0.8896863018294779, -0.37885788341356613, 0.2548038235827318, 0.5733086030611465], [0.0, 0.0, 0.0, 1.0]]}, {"file_path": "./13", "transform_matrix": [[-0.9376366819477979, -0.30324020357543596, 0.1699494972085889, 0.382386368719325], [0.0, 0.4888989486415344, 0.8723404255319149, 1.9627659574468086], [-0.3476168187328168, 0.8179383821246747, -0.45840958801201487, -1.0314215730270335], [0.0, 0.0, 0.0, 1.0]]}, {"file_path": "./14", "transform_matrix": [[0.926195895388999, -0.344953918010097, 0.1522102421457049, 0.342473044827836], [3.033748962638509e-17, 0.40369502044702704, 0.9148936170212765, 2.058510638297872], [-0.3770426545691758, -0.8473707128027012, 0.37390067092701473, 0.8412765095857831], [0.0, 0.0, 0.0, 1.0]]}, {"file_path": "./15", "transform_matrix": [[-0.42825937457967356, 0.8652024163794876, -0.2608039240036898, -0.586808829008302], [1.2007095545322861e-17, 0.28860978651596897, 0.9574468085106385, 2.1542553191489366], [0.9036558571074648, 0.4100355714060705, -0.12359984667090174, -0.27809965500952893], [0.0, 0.0, 0.0, 1.0]]}, {"file_path": "./2", "transform_matrix": [[-0.612303025669007, 0.31961362391303305, -0.7231404677970646, -1.6270660525433958], [-2.0071179934662693e-17, 0.9146461812853054, 0.4042553191489362, 0.9095744680851063], [0.7906231749427658, 0.24752675505768373, -0.5600406242175956, -1.26009140448959], [0.0, 0.0, 0.0, 1.0]]}, {"file_path": "./3", "transform_matrix": [[-0.08256508601055774, -0.4452829609363734, 0.8915750620513145, 2.0060438896154573], [6.186544762943577e-18, 0.8946296187927081, 0.4468085106382979, 1.0053191489361704], [-0.996585674476645, 0.036890783111100264, -0.0738651714232124, -0.1661966357022279], [0.0, 0.0, 0.0, 1.0]]}, {"file_path": "./4", "transform_matrix": [[0.7340648753490767, 0.3323154248598745, -0.5922121386622748, -1.3324773119901183], [0.0, 0.8720809162518808, 0.4893617021276595, 1.101063829787234], [0.679079346452787, -0.35922323687295243, 0.6401639690827455, 1.4403689304361775], [0.0, 0.0, 0.0, 1.0]]}, {"file_path": "./5", "transform_matrix": [[-0.9999881011351669, -0.0025948282784300585, 0.004130914461579052, 0.009294557538552866], [5.121421658850377e-19, 0.8467978188141446, 0.5319148936170214, 1.196808510638298], [-0.004878277163448512, 0.5319085644335994, -0.8467877428813576, -1.9052724214830545], [0.0, 0.0, 0.0, 1.0]]}, {"file_path": "./6", "transform_matrix": [[0.7406553331023313, -0.3859765852604472, 0.5499561375034917, 1.2374013093828562], [1.3563670470546468e-16, 0.8185269813477168, 0.574468085106383, 1.2925531914893618], [-0.6718851669348526, -0.4254828509311266, 0.606246374023339, 1.3640543415525128], [0.0, 0.0, 0.0, 1.0]]}, {"file_path": "./7", "transform_matrix": [[-0.09228428288963696, 0.6143882620994124, -0.7835883323059432, -1.763073747688372], [1.0874472604421081e-17, 0.7869464684641247, 0.6170212765957447, 1.3882978723404256], [0.9957327006438752, 0.05694136603828663, -0.07262279051474405, -0.16340127865817414], [0.0, 0.0, 0.0, 1.0]]}, {"file_path": "./8", "transform_matrix": [[-0.6045602168251631, -0.5253902700867987, 0.5987253196002591, 1.347131969100583], [0.0, 0.7516392226661996, 0.6595744680851062, 1.4840425531914891], [-0.7965594417445014, 0.3987524834378736, -0.4544111714293749, -1.0224251357160936], [0.0, 0.0, 0.0, 1.0]]}, {"file_path": "./9", "transform_matrix": [[0.9838520605119456, 0.1256693243181511, -0.12744545481035593, -0.28675227332330083], [-3.897975320210391e-17, 0.7120510864119792, 0.702127659574468, 1.579787234042553], [0.17898358311979093, -0.69078974461477, 0.700552928556195, 1.5762440892514387], [0.0, 0.0, 0.0, 1.0]]}]}