{"camera_angle_x": 1.5707963267948966, "frames": [{"file_path": "./0-blend", "transform_matrix": [[0.5809894759756945, 0.26988696033175463, -0.7678621344019859, -1.7276898024044685], [-4.262491106754506e-17, 0.943422645692843, 0.33159268929503916, 0.7460835509138382], [0.813911069346945, -0.1926518627908961, 0.5481186285446883, 1.2332669142255486], [0.0, 0.0, 0.0, 1.0]]}, {"file_path": "./1-blend", "transform_matrix": [[-0.9781925858113836, -0.06995637664793819, 0.19556423607073725, 0.44001953115915876], [-1.473897146286056e-17, 0.9415709802263933, 0.3368146214099217, 0.7578328981723237], [-0.20769993997023506, 0.32946956545605344, -0.9210377518726147, -2.072334941713383], [0.0, 0.0, 0.0, 1.0]]}, {"file_path": "./10-blend", "transform_matrix": [[0.9834372128771803, -0.0695655942498175, 0.16736748915196578, 0.3765768505919231], [0.0, 0.9234112521726379, 0.3838120104438642, 0.8635770234986945], [-0.18124913331755169, -0.3774550138197011, 0.9081169881760861, 2.043263223396194], [0.0, 0.0, 0.0, 1.0]]}, {"file_path": "./100-blend", "transform_matrix": [[-0.5772340939825588, 0.6971833952905561, -0.4251307023437223, -0.956544080273375], [0.0, 0.5206242749081783, 0.8537859007832898, 1.9210182767624018], [0.8165787168082048, 0.492834330893725, -0.30052208163194893, -0.6761746836718852], [0.0, 0.0, 0.0, 1.0]]}, {"file_path": "./101-blend", "transform_matrix": [[-0.1259565414361993, -0.8521664885934979, 0.5078850513528222, 1.14274136554385], [0.0, 0.5119624429775936, 0.8590078328981723, 1.9327676240208875], [-0.9920357602775373, 0.1081976556984584, -0.06448501866268506, -0.1450912919910414], [0.0, 0.0, 0.0, 1.0]]}, {"file_path": "./102-blend", "transform_matrix": [[0.7629869612731013, 0.5586501107140077, -0.3252090877058415, -0.7317204473381432], [0.0, 0.5030973198750714, 0.8642297650130548, 1.9445169712793733], [0.64641387433071, -0.6593960422490771, 0.3838566953161223, 0.8636775644612752], [0.0, 0.0, 0.0, 1.0]]}, {"file_path": "./103-blend", "transform_matrix": [[-0.9992491378087082, 0.03368674402531111, -0.019140633885178227, -0.043066426241651], [3.99038493272743e-18, 0.4940179615776633, 0.8694516971279374, 1.9562663185378593], [0.03874481369878125, 0.8687988587214096, -0.4936470221684954, -1.1107057998791146], [0.0, 0.0, 0.0, 1.0]]}, {"file_path": "./104-blend", "transform_matrix": [[0.7106434700604147, -0.615378655802402, 0.3410204809733893, 0.7672960821901258], [0.0, 0.48471232943591813, 0.8746736292428199, 1.9680156657963448], [-0.7035523139472236, -0.6215811030554539, 0.3444576517714077, 0.7750297164856672], [0.0, 0.0, 0.0, 1.0]]}, {"file_path": "./105-blend", "transform_matrix": [[-0.048763618655342136, 0.8788487910609566, -0.4746018457047249, -1.067854152835631], [3.049119259374554e-18, 0.47516712965336055, 0.8798955613577025, 1.9797650130548305], [0.9988103471108198, 0.04290689161057521, -0.02317086870796999, -0.05213445459293248], [0.0, 0.0, 0.0, 1.0]]}, {"file_path": "./106-blend", "transform_matrix": [[-0.6387299205022207, -0.6810368524386823, 0.3580682815827718, 0.8056536335612366], [0.0, 0.46536762107908686, 0.885117493472585, 1.9915143603133163], [-0.7694310161770362, 0.5653510262408691, -0.29724422361615277, -0.6687995031363437], [0.0, 0.0, 0.0, 1.0]]}, {"file_path": "./107-blend", "transform_matrix": [[0.9907227484071743, 0.12099590212089703, -0.061874287539215346, -0.13921714696323453], [0.0, 0.4552973833052183, 0.8903394255874671, 2.003263707571801], [0.1358986232032363, -0.8820795227332803, 0.4510734749307409, 1.014915318594167], [0.0, 0.0, 0.0, 1.0]]}, {"file_path": "./108-blend", "transform_matrix": [[-0.8223263224569707, 0.5095889076672945, -0.25317694321728373, -0.5696481222388884], [0.0, 0.44493803455124387, 0.8955613577023498, 2.0150130548302867], [0.5690161855293697, 0.736443677813945, -0.36588425767375704, -0.8232395797659533], [0.0, 0.0, 0.0, 1.0]]}, {"file_path": "./11-blend", "transform_matrix": [[-0.6027239639204158, 0.31042954203073697, -0.7350900099652071, -1.6539525224217158], [0.0, 0.9212234210750385, 0.3890339425587468, 0.8753263707571803], [0.7979497624011561, 0.23448007995859524, -0.5552434320066736, -1.2492977220150154], [0.0, 0.0, 0.0, 1.0]]}, {"file_path": "./110-blend", "transform_matrix": [[0.4949449711132494, 0.7872499722608274, -0.3677865641170585, -0.8275197692633818], [2.1850576133487156e-17, 0.42326650922526277, 0.9060052219321146, 2.038511749347258], [0.8689243209680027, -0.44842272839764374, 0.20949363018170367, 0.47136066790883324], [0.0, 0.0, 0.0, 1.0]]}, {"file_path": "./111-blend", "transform_matrix": [[-0.9519069633218771, -0.2791883613573989, 0.12620218723101695, 0.28395492126978816], [3.0459557194228866e-17, 0.41190420455174964, 0.9112271540469974, 2.050261096605744], [-0.3063872275068303, 0.8674034731053136, -0.39209448053436946, -0.8822125812023314], [0.0, 0.0, 0.0, 1.0]]}, {"file_path": "./112-blend", "transform_matrix": [[0.9088681680460692, -0.3822358002728515, 0.16689651315217705, 0.3755171545923984], [0.0, 0.40015131197217796, 0.9164490861618799, 2.0620104438642297], [-0.417083508559835, -0.8329314020474421, 0.3636847898533843, 0.8182907771701148], [0.0, 0.0, 0.0, 1.0]]}, {"file_path": "./113-blend", "transform_matrix": [[-0.38843523946474723, 0.849297746325465, -0.35750720668043867, -0.8043912150309871], [0.0, 0.3879723367312106, 0.9216710182767627, 2.073759791122716], [0.9214760250500086, 0.3580095026920516, -0.15070212752388507, -0.33907978692874147], [0.0, 0.0, 0.0, 1.0]]}, {"file_path": "./114-blend", "transform_matrix": [[-0.33602805458595747, -0.8729959577702961, 0.3535013497115679, 0.7953780368510276], [0.0, 0.3753258031554339, 0.926892950391645, 2.085509138381201], [-0.9418519769747138, 0.31146203492954283, -0.12611999947023256, -0.2837699988080232], [0.0, 0.0, 0.0, 1.0]]}, {"file_path": "./115-blend", "transform_matrix": [[0.8839884986902179, 0.435771766735431, -0.16931420938508382, -0.38095697111643867], [-5.955398017246988e-17, 0.3621627338778003, 0.9321148825065274, 2.0972584856396868], [0.4675086461055184, -0.8239788355937542, 0.32014769140218213, 0.7203323056549099], [0.0, 0.0, 0.0, 1.0]]}, {"file_path": "./116-blend", "transform_matrix": [[-0.9676231604409158, 0.23658317952697605, -0.08794213178698934, -0.19786979652072603], [1.480555078103882e-17, 0.3484245914905961, 0.9373368146214099, 2.1090078328981723], [0.2523993252335149, 0.9069888109615895, -0.33714370439346497, -0.7585733348852962], [0.0, 0.0, 0.0, 1.0]]}, {"file_path": "./117-blend", "transform_matrix": [[0.54300190974373, -0.7914962331505081, 0.280504258297835, 0.6311345811701287], [-4.3936867097388754e-17, 0.33404043011424517, 0.9425587467362924, 2.120757180156658], [-0.8397314606555252, -0.5118111995234634, 0.18138459148365207, 0.4081153308382171], [0.0, 0.0, 0.0, 1.0]]}, {"file_path": "./118-blend", "transform_matrix": [[0.16683774247694189, 0.9344969306332893, -0.31445294452772926, -0.707519125187391], [6.484375055191348e-18, 0.3189228508533156, 0.9477806788511748, 2.1325065274151433], [0.9859843648279611, -0.15812558882279348, 0.05320836846067768, 0.1197188290365248], [0.0, 0.0, 0.0, 1.0]]}, {"file_path": "./119-blend", "transform_matrix": [[-0.7890438277263685, -0.5854646784195395, 0.18612078940845375, 0.41877177616902095], [-5.824868745636095e-17, 0.30296208259760393, 0.9530026109660574, 2.1442558746736293], [-0.6143369091361197, 0.7519608279898812, -0.2390503613087656, -0.5378633129447226], [0.0, 0.0, 0.0, 1.0]]}, {"file_path": "./12-blend", "transform_matrix": [[-0.09457742674333187, -0.3924886261894606, 0.9148812975804672, 2.058482919556051], [-6.348264258579838e-18, 0.9190007101658472, 0.3942558746736293, 0.887075718015666], [-0.995517508811678, 0.03728770610507342, -0.08691672234278042, -0.19556262527125592], [0.0, 0.0, 0.0, 1.0]]}, {"file_path": "./120-blend", "transform_matrix": [[0.9967949815333079, -0.07665655478363911, 0.02288093963794534, 0.05148211418537702], [-3.620703494818077e-18, 0.2860170013081807, 0.95822454308094, 2.156005221932115], [-0.07999852992407024, -0.9551534157251279, 0.2851003115372001, 0.6414757009587003], [0.0, 0.0, 0.0, 1.0]]}, {"file_path": "./121-blend", "transform_matrix": [[-0.6809673666882657, 0.705545112401504, -0.19618751201847046, -0.4414219020415585], [-1.9582810717497345e-17, 0.2679008947964625, 0.9634464751958225, 2.1677545691906004], [0.7323137616525095, 0.6560756091591908, -0.18243176686297702, -0.41047147544169826], [0.0, 0.0, 0.0, 1.0]]}, {"file_path": "./122-blend", "transform_matrix": [[0.007453304832708262, -0.9686415013230144, 0.2483507402078102, 0.5587891654675728], [0.0, 0.24835763865470703, 0.968668407310705, 2.1795039164490864], [-0.9999722237377751, -0.007219780921500692, 0.00185108518842514, 0.004164941673956565], [0.0, 0.0, 0.0, 1.0]]}, {"file_path": "./123-blend", "transform_matrix": [[0.6699756966436616, 0.7229996628249948, -0.16853502146967683, -0.37920379830677287], [0.0, 0.22701895685936416, 0.9738903394255877, 2.1912532637075723], [0.742383031801536, -0.65248285861119, 0.1520971837731698, 0.34221866348963204], [0.0, 0.0, 0.0, 1.0]]}, {"file_path": "./124-blend", "transform_matrix": [[-0.9954917603802355, -0.09286690220975877, 0.019284540155865972, 0.04339021535069844], [-3.543461820261959e-18, 0.2033203376911941, 0.9791122715404698, 2.203002610966057], [-0.09484806279023365, 0.9746981988057133, -0.20240372088931163, -0.4554083720009512], [0.0, 0.0, 0.0, 1.0]]}, {"file_path": "./125-blend", "transform_matrix": [[0.7981135883319735, -0.5930682603526399, 0.10622965067322127, 0.23901671401474786], [0.0, 0.17631272079513494, 0.9843342036553524, 2.2147519582245425], [-0.6025070125067935, -0.7856105033972687, 0.14071757826237863, 0.3166145510903519], [0.0, 0.0, 0.0, 1.0]]}, {"file_path": "./126-blend", "transform_matrix": [[-0.18151648203481033, 0.9731175327441695, -0.14175342752683812, -0.31894521193538583], [0.0, 0.14414802863542872, 0.989556135770235, 2.226501305483029], [0.9833879024828943, 0.1796207485409742, -0.026165243050156068, -0.058871796862851156], [0.0, 0.0, 0.0, 1.0]]}, {"file_path": "./127-blend", "transform_matrix": [[-0.530424378910834, -0.8433054559388641, 0.08652101617988657, 0.1946722864047447], [0.0, 0.10206172472946268, 0.9947780678851176, 2.2382506527415145], [-0.8477322562325063, 0.527654538812083, -0.05413602695019261, -0.12180606063793335], [0.0, 0.0, 0.0, 1.0]]}, {"file_path": "./13-blend", "transform_matrix": [[0.7422008660189487, 0.267721035765128, -0.6143804370986835, -1.3823559834720378], [-6.055258601495264e-17, 0.9167428657390471, 0.39947780678851175, 0.8988250652741514], [0.6701774947584574, -0.2964927741537838, 0.6804073488682135, 1.5309165349534803], [0.0, 0.0, 0.0, 1.0]]}, {"file_path": "./14-blend", "transform_matrix": [[-0.9999742130269911, 0.002906332544538201, -0.006567077903482585, -0.014775925282835818], [0.0, 0.9144496275528383, 0.4046997389033942, 0.9105744125326369], [0.007181453964891171, 0.4046893029221503, -0.9144260466649745, -2.0574586049961927], [0.0, 0.0, 0.0, 1.0]]}, {"file_path": "./15-blend", "transform_matrix": [[0.7324988611150094, -0.2790616611021921, 0.6209428377621401, 1.3971213849648152], [0.0, 0.9121207286481234, 0.40992167101827676, 0.9223237597911227], [-0.6807682560645834, -0.3002671571672493, 0.668127394934143, 1.5032866386018218], [0.0, 0.0, 0.0, 1.0]]}, {"file_path": "./16-blend", "transform_matrix": [[-0.08026951380107501, 0.4138040162793494, -0.9068202916042509, -2.040345656109565], [0.0, 0.9097558951595852, 0.41514360313315934, 0.9340731070496086], [0.9967731964464831, 0.03332337518112513, -0.07302566338212166, -0.16430774260977374], [0.0, 0.0, 0.0, 1.0]]}, {"file_path": "./17-blend", "transform_matrix": [[-0.6141223784444045, -0.331757025014726, 0.7160942540246823, 1.6112120715555347], [0.0, 0.9073548461189963, 0.42036553524804177, 0.945822454308094], [-0.7892108110598762, 0.25815588232258263, -0.5572269161916547, -1.253760561431223], [0.0, 0.0, 0.0, 1.0]]}, {"file_path": "./18-blend", "transform_matrix": [[0.9859389721935474, 0.07111812747534194, -0.1512169139161758, -0.34023805631139553], [0.0, 0.9049172932503897, 0.42558746736292435, 0.9575718015665796], [0.16710578419052738, -0.4196032701502565, 0.8921932260274562, 2.0074347585617764], [0.0, 0.0, 0.0, 1.0]]}, {"file_path": "./19-blend", "transform_matrix": [[-0.8398790491157225, 0.2338319694619311, -0.4898222054113352, -1.102099962175504], [-6.151208982222479e-17, 0.9024429407566837, 0.43080939947780694, 0.9693211488250655], [0.542773601841937, 0.36182778878353583, -0.7579429189639201, -1.7053715676688201], [0.0, 0.0, 0.0, 1.0]]}, {"file_path": "./2-blend", "transform_matrix": [[0.8615880631128773, -0.17362053393132854, 0.4769925782428915, 1.0732333010465058], [-2.953705437937409e-17, 0.9396866477996129, 0.3420365535248043, 0.7695822454308096], [-0.5076081259213653, -0.29469461166523997, 0.8096227988107009, 1.821651297324077], [0.0, 0.0, 0.0, 1.0]]}, {"file_path": "./20-blend", "transform_matrix": [[0.2526623721423722, -0.4218840804559287, 0.8707327651818582, 1.9591487216591807], [0.0, 0.8999314850973413, 0.4360313315926894, 0.9810704960835512], [-0.96755450787198, -0.11016871056860617, 0.2273788237903021, 0.5116023535281797], [0.0, 0.0, 0.0, 1.0]]}, {"file_path": "./21-blend", "transform_matrix": [[0.467268309357259, 0.39011887725206706, -0.7933899348252381, -1.7851273533567857], [2.2020994328720798e-17, 0.8973826147566133, 0.4412532637075719, 0.9928198433420368], [0.8841155620564595, -0.2061836665310099, 0.4193184572439191, 0.9434665287988179], [0.0, 0.0, 0.0, 1.0]]}, {"file_path": "./22-blend", "transform_matrix": [[-0.9417605902070176, -0.1501425059608852, 0.3009056640156769, 0.6770377440352731], [0.0, 0.8947960100018892, 0.4464751958224543, 1.0045691906005223], [-0.33628409229835693, 0.4204727439305483, -0.8426836184942638, -1.8960381416120935], [0.0, 0.0, 0.0, 1.0]]}, {"file_path": "./23-blend", "transform_matrix": [[0.9215815902814206, -0.17534192058070788, 0.3463272777900067, 0.7792363750275151], [-3.1110140271663414e-17, 0.8921713426316502, 0.4516971279373368, 1.0163185378590078], [-0.38818471434919716, -0.4162757574900412, 0.8222086847459862, 1.8499695406784689], [0.0, 0.0, 0.0, 1.0]]}, {"file_path": "./24-blend", "transform_matrix": [[-0.4173305763599015, 0.4152273647770284, -0.8083448679712373, -1.8187759529352836], [-2.2436077106481253e-17, 0.8895082757124841, 0.4569190600522193, 1.0280678851174934], [0.9087547469120106, 0.19068629468141712, -0.3712190013799931, -0.8352427531049843], [0.0, 0.0, 0.0, 1.0]]}, {"file_path": "./25-blend", "transform_matrix": [[-0.3061284325248493, -0.4399537057324086, 0.8442310818799555, 1.8995199342299003], [0.0, 0.8868064633045967, 0.4621409921671018, 1.0398172323759791], [-0.9519902220085452, 0.14147449753759356, -0.2714766725643414, -0.6108225132697681], [0.0, 0.0, 0.0, 1.0]]}, {"file_path": "./26-blend", "transform_matrix": [[0.8687897340373566, 0.2314293229208807, -0.4377726196596612, -0.9849883942342377], [-6.279076389783135e-17, 0.8840655501752076, 0.46736292428198417, 1.0515665796344644], [0.49518117697596264, -0.4060401106858662, 0.7680670742083076, 1.728150916968692], [0.0, 0.0, 0.0, 1.0]]}, {"file_path": "./27-blend", "transform_matrix": [[-0.9751085904213531, 0.10478522140287988, -0.19540546118783675, -0.4396622876726327], [-1.5747215835036036e-17, 0.8812851714991877, 0.4725848563968669, 1.0633159268929504], [0.22172784418399444, 0.46082155317562645, -0.8593487413398134, -1.9335346680145802], [0.0, 0.0, 0.0, 1.0]]}, {"file_path": "./28-blend", "transform_matrix": [[0.569239720609538, -0.3928391719857382, 0.7222489359174818, 1.6250601058143341], [0.0, 0.8784649525462518, 0.4778067885117494, 1.0750652741514362], [-0.8221716003854521, -0.2719866027977688, 0.5000571441526993, 1.1251285743435735], [0.0, 0.0, 0.0, 1.0]]}, {"file_path": "./29-blend", "transform_matrix": [[0.1356292821343425, 0.47856536954212414, -0.8675136223153692, -1.951905650209581], [0.0, 0.875604508353971, 0.48302872062663194, 1.086814621409922], [0.9907596569439647, -0.06551283862885995, 0.11875761090164298, 0.26720462452869664], [0.0, 0.0, 0.0, 1.0]]}, {"file_path": "./3-blend", "transform_matrix": [[-0.292423861114965, 0.332079403508073, -0.8967784315071021, -2.0177514708909796], [0.0, 0.9377694514918, 0.34725848563968675, 0.7813315926892952], [0.9562888085984358, 0.1015466671756928, -0.274226163840895, -0.6170088686420139], [0.0, 0.0, 0.0, 1.0]]}, {"file_path": "./30-blend", "transform_matrix": [[-0.7692573438134783, -0.31196241944778724, 0.5576043291091948, 1.254609740495688], [6.360826424139115e-17, 0.8727034433858303, 0.4882506527415145, 1.0985639686684077], [-0.6389390729866442, 0.3755904002431344, -0.6713335327958598, -1.5105004487906846], [0.0, 0.0, 0.0, 1.0]]}, {"file_path": "./31-blend", "transform_matrix": [[0.9988235669881874, -0.02392951311218928, 0.04217653887183689, 0.094897212461633], [3.9889642685002945e-18, 0.8697613511734965, 0.4934725848563967, 1.1103133159268925], [-0.048492082126817423, -0.49289204741714726, 0.8687381352075773, 1.9546608042170488], [0.0, 0.0, 0.0, 1.0]]}, {"file_path": "./32-blend", "transform_matrix": [[-0.7037454821630841, 0.354298605426577, -0.6158041852146112, -1.3855594167328753], [-1.2808623003113944e-16, 0.8667778139424095, 0.49869451697127937, 1.1220626631853785], [0.7104521773737121, 0.35095401329803927, -0.609990970601165, -1.3724796838526212], [0.0, 0.0, 0.0, 1.0]]}, {"file_path": "./33-blend", "transform_matrix": [[0.03901646628239406, -0.5035327508706345, 0.863094713319162, 1.941963104968114], [-2.994461322372445e-18, 0.8637524022197528, 0.5039164490861618, 1.133812010443864], [-0.9992385677899123, -0.019661039144913975, 0.03370056647754385, 0.07582627457447369], [0.0, 0.0, 0.0, 1.0]]}, {"file_path": "./34-blend", "transform_matrix": [[0.6462064262246239, 0.3885554043368871, -0.6568424106789981, -1.4778954240277458], [3.646207839430583e-17, 0.8606846744237868, 0.5091383812010443, 1.1455613577023496], [0.763162665953989, -0.3290084937697172, 0.5561799675656993, 1.2514049270228236], [0.0, 0.0, 0.0, 1.0]]}, {"file_path": "./35-blend", "transform_matrix": [[-0.9920014813069173, -0.06492576309916058, 0.1082483550492717, 0.24355879886086132], [0.0, 0.8575741764334682, 0.514360313315927, 1.1573107049608355], [-0.12622622978161674, 0.5102461927348897, -0.8507148533525605, -1.914108420043261], [0.0, 0.0, 0.0, 1.0]]}, {"file_path": "./36-blend", "transform_matrix": [[0.8167356124220337, -0.2998052316879072, 0.49301091514708467, 1.1092745590809405], [0.0, 0.8544204411371946, 0.5195822454308094, 1.1690600522193213], [-0.5770120790777309, -0.4243613234255475, 0.6978356022580908, 1.5701301050807044], [0.0, 0.0, 0.0, 1.0]]}, {"file_path": "./37-blend", "transform_matrix": [[-0.2124693631295973, 0.5128217061090266, -0.831787633638978, -1.8715221756877007], [1.1543372280805849e-17, 0.8512229879594359, 0.524804177545692, 1.180809399477807], [0.9771677285560056, 0.11150480937088526, -0.18085880613301422, -0.40693231379928196], [0.0, 0.0, 0.0, 1.0]]}, {"file_path": "./38-blend", "transform_matrix": [[-0.5033990205882543, -0.45797121424881926, 0.7327017080574115, 1.648578843129176], [0.0, 0.8479813223639283, 0.5300261096605744, 1.1925587467362926], [-0.8640540643216638, 0.26681462448933585, -0.42687296715513434, -0.9604641760990521], [0.0, 0.0, 0.0, 1.0]]}, {"file_path": "./39-blend", "transform_matrix": [[0.9548509052034531, 0.159014391146762, -0.2509465525572544, -0.5646297432538224], [3.285869780279869e-17, 0.8446949353320042, 0.5352480417754568, 1.204308093994778], [0.29708542345956035, -0.5110820771976706, 0.8065577236225365, 1.8147548781507072], [0.0, 0.0, 0.0, 1.0]]}, {"file_path": "./4-blend", "transform_matrix": [[-0.43033955432546617, -0.318172471534409, 0.8447331805609656, 1.9006496562621724], [2.3446055668090595e-17, 0.935819189320012, 0.35248041775456923, 0.7930809399477807], [-0.9026670859087303, 0.15168626588495548, -0.40272001286119297, -0.9061200289376843], [0.0, 0.0, 0.0, 1.0]]}, {"file_path": "./40-blend", "transform_matrix": [[-0.9047556608154559, 0.23020290214930073, -0.3583626906702577, -0.8063160540080798], [-6.597762351360199e-17, 0.8413633028145308, 0.5404699738903395, 1.2160574412532639], [0.4259309735419431, 0.4889932683780662, -0.7612282110238355, -1.71276347480363], [0.0, 0.0, 0.0, 1.0]]}, {"file_path": "./41-blend", "transform_matrix": [[0.37942642789757913, -0.5048861084506847, 0.7753229026066537, 1.7444765308649701], [-2.151953344982787e-17, 0.837985885155823, 0.5456919060052219, 1.2278067885117494], [-0.9252219116584318, -0.20704993062818292, 0.3179539910332649, 0.7153964798248461], [0.0, 0.0, 0.0, 1.0]]}, {"file_path": "./42-blend", "transform_matrix": [[0.3452011819112392, 0.5170484551365169, -0.7832605179938694, -1.7623361654862066], [0.0, 0.8345621264877621, 0.5509138381201044, 1.2395561357702347], [0.9385287124041989, -0.19017610805031718, 0.28809183244193265, 0.6482066229943484], [0.0, 0.0, 0.0, 1.0]]}, {"file_path": "./43-blend", "transform_matrix": [[-0.8885076443319909, -0.2551894693397497, 0.3813561336883321, 0.8580513007987471], [6.679307187906359e-17, 0.8310914540922303, 0.556135770234987, 1.2513054830287205], [-0.4588618157611463, 0.49413088314024556, -0.7384311100999366, -1.6614699977248573], [0.0, 0.0, 0.0, 1.0]]}, {"file_path": "./44-blend", "transform_matrix": [[0.965114587818971, -0.14697909030330403, 0.21668174679153496, 0.4875339302809537], [6.707702233152676e-17, 0.8275732777298185, 0.5613577023498695, 1.2630548302872062], [-0.26182786784262996, -0.541774507522399, 0.7987030428262084, 1.797081846358969], [0.0, 0.0, 0.0, 1.0]]}, {"file_path": "./45-blend", "transform_matrix": [[-0.5347832773422291, 0.4787537049711223, -0.6962770542331035, -1.566623372024483], [0.0, 0.8240069889326109, 0.566579634464752, 1.274804177545692], [0.8449892580826722, 0.3029973137944223, -0.4406651580942835, -0.991496605712138], [0.0, 0.0, 0.0, 1.0]]}, {"file_path": "./46-blend", "transform_matrix": [[-0.1764494973611814, -0.5628298253710584, 0.8075197598534479, 1.8169194596702576], [-1.1206587877863439e-17, 0.8203919602586776, 0.5718015665796345, 1.2865535248041777], [-0.9843096945987003, 0.10089409901331259, -0.144757749026798, -0.32570493531029543], [0.0, 0.0, 0.0, 1.0]]}, {"file_path": "./47-blend", "transform_matrix": [[0.7950000131556301, 0.3500278854223741, -0.4954346157761785, -1.1147278854964016], [-1.3593554326578543e-16, 0.8167275445057175, 0.577023498694517, 1.2983028720626633], [0.6066094122930736, -0.45873368905324863, 0.6492984086266107, 1.460921419409874], [0.0, 0.0, 0.0, 1.0]]}, {"file_path": "./48-blend", "transform_matrix": [[-0.9959670381844765, 0.0522389966166354, -0.0729434444109148, -0.1641227499245583], [-8.534787602840085e-18, 0.8130130738810889, 0.5822454308093994, 1.3100522193211486], [0.0897198910500958, 0.5798972572196821, -0.8097342231986053, -1.821902002196862], [0.0, 0.0, 0.0, 1.0]]}, {"file_path": "./49-blend", "transform_matrix": [[0.673790181942551, -0.43409298354609754, 0.5979716317300272, 1.3454361713925613], [0.0, 0.8092478591252433, 0.5874673629242819, 1.3218015665796343], [-0.7389227231029127, -0.39582974135006266, 0.5452632622366178, 1.22684234003239], [0.0, 0.0, 0.0, 1.0]]}, {"file_path": "./5-blend", "transform_matrix": [[0.9270618498463646, 0.13410562433331302, -0.3501028535753584, -0.7877314205445565], [2.972212026098896e-17, 0.9338356541157937, 0.35770234986945165, 0.8048302872062661], [0.3749084242310868, -0.33161220216436543, 0.8657234089570779, 1.9478776701534253], [0.0, 0.0, 0.0, 1.0]]}, {"file_path": "./50-blend", "transform_matrix": [[0.002303217146351014, 0.5926877229852602, -0.8054290522530985, -1.8122153675694712], [-1.7464958564715e-19, 0.8054311885853305, 0.5926892950391643, 1.3335509138381199], [0.9999973475918706, -0.0013650921467928986, 0.0018550829237556105, 0.004173936578450123], [0.0, 0.0, 0.0, 1.0]]}, {"file_path": "./51-blend", "transform_matrix": [[-0.6771868232287342, -0.43994973057808623, 0.5897984749129518, 1.3270465685541417], [0.0, 0.8015623272354693, 0.5979112271540471, 1.345300261096606], [-0.7358111214471923, 0.4048976044892433, -0.5428074460004185, -1.2213167535009417], [0.0, 0.0, 0.0, 1.0]]}, {"file_path": "./52-blend", "transform_matrix": [[0.9963697590408571, 0.0513453860419113, -0.06790401019874666, -0.15278402294718002], [0.0, 0.7976405156398966, 0.6031331592689295, 1.3570496083550914], [0.08513109460628586, -0.6009436405703341, 0.7947448883693488, 1.7881759988310346], [0.0, 0.0, 0.0, 1.0]]}, {"file_path": "./53-blend", "transform_matrix": [[-0.7921972795215426, 0.37125786973354363, -0.48434601730537435, -1.0897785389370922], [1.3988560263999502e-16, 0.7936649688548648, 0.608355091383812, 1.3687989556135771], [0.6102650820083572, 0.48193724837733537, -0.6287392291783739, -1.4146632656513412], [0.0, 0.0, 0.0, 1.0]]}, {"file_path": "./54-blend", "transform_matrix": [[0.17191347939416216, -0.6044421208678682, 0.7778788325461404, 1.7502273732288165], [-1.079523737826577e-17, 0.7896348752648165, 0.6135770234986944, 1.3805483028720622], [-0.9851120523080574, -0.10548216098597418, 0.13574887885774986, 0.3054349774299372], [0.0, 0.0, 0.0, 1.0]]}, {"file_path": "./55-blend", "transform_matrix": [[0.5386699806667099, 0.5213485503168437, -0.6618386064676585, -1.4891368645522312], [0.0, 0.7855493953479604, 0.6187989556135771, 1.3922976501305486], [0.8425168555753211, -0.33332842145694586, 0.4231518776048314, 0.9520917246108708], [0.0, 0.0, 0.0, 1.0]]}, {"file_path": "./56-blend", "transform_matrix": [[-0.9663104379915434, -0.16061009971001697, 0.20111820728051946, 0.45251596638116875], [0.0, 0.7814076603659484, 0.6240208877284595, 1.4040469973890337], [-0.2573793648072657, 0.6029978973367593, -0.755082378538167, -1.6989353517108756], [0.0, 0.0, 0.0, 1.0]]}, {"file_path": "./57-blend", "transform_matrix": [[0.8863845064077093, -0.2913078304487214, 0.35980863624935544, 0.8095694315610498], [0.0, 0.7772087709718667, 0.6292428198433418, 1.415796344647519], [-0.46294978863842456, -0.5577510862774356, 0.6889058128336405, 1.5500380788756911], [0.0, 0.0, 0.0, 1.0]]}, {"file_path": "./58-blend", "transform_matrix": [[-0.34087426008020016, 0.5964659583500146, -0.7266588603632207, -1.634982435817247], [0.0, 0.772951795730231, 0.6344647519582246, 1.4275456919060052], [0.9401088973171012, 0.21627270287072753, -0.26347937144720446, -0.5928285857562101], [0.0, 0.0, 0.0, 1.0]]}, {"file_path": "./59-blend", "transform_matrix": [[-0.38368436496546915, -0.5907278140934997, 0.7098076906721714, 1.5970673040123853], [-1.970112103100639e-17, 0.768635769542085, 0.6396866840731069, 1.4392950391644908], [-0.9234642971339201, 0.24543777915545678, -0.29491352712649954, -0.6635554360346239], [0.0, 0.0, 0.0, 1.0]]}, {"file_path": "./6-blend", "transform_matrix": [[-0.9368335579354147, 0.12694201406150973, -0.32592730752742893, -0.7333364419367151], [0.0, 0.9318186333971625, 0.36292428198433413, 0.8165796344647518], [0.3497754775939442, 0.3399996463525395, -0.8729589656759796, -1.9641576727709542], [0.0, 0.0, 0.0, 1.0]]}, {"file_path": "./60-blend", "transform_matrix": [[0.9067080795418692, 0.27199586351907457, -0.32233322621474864, -0.7252497589831846], [-7.26338858567034e-17, 0.7642596919676533, 0.6449086161879896, 1.4510443864229765], [0.4217587681287674, -0.5847438528638165, 0.6929604375752514, 1.5591609845443157], [0.0, 0.0, 0.0, 1.0]]}, {"file_path": "./61-blend", "transform_matrix": [[-0.953472273747022, 0.19600182435579366, -0.2290718403577461, -0.5154116408049286], [0.0, 0.7598225254382808, 0.6501305483028722, 1.4627937336814623], [0.30148071778421265, 0.6198814521227376, -0.7244697109738423, -1.630056849691145], [0.0, 0.0, 0.0, 1.0]]}, {"file_path": "./62-blend", "transform_matrix": [[0.4994134820014136, -0.5677736425978807, 0.6543846458821888, 1.4723654532349253], [0.0, 0.7553231933485801, 0.6553524804177547, 1.474543080939948], [-0.8663637653983596, -0.327291864183694, 0.37721858602664127, 0.848741818559943], [0.0, 0.0, 0.0, 1.0]]}, {"file_path": "./63-blend", "transform_matrix": [[0.2169683559058673, 0.6448386300693125, -0.7328764382253238, -1.6489719860069787], [0.0, 0.7507605780188257, 0.6605744125326372, 1.4862924281984335], [0.9761786376148092, -0.14332374424069044, 0.1628912882916832, 0.3665053986562871], [0.0, 0.0, 0.0, 1.0]]}, {"file_path": "./64-blend", "transform_matrix": [[-0.8193849083470344, -0.3816635788581568, 0.4277163599236132, 0.9623618098281296], [0.0, 0.7461335185166267, 0.6657963446475196, 1.4980417754569189], [-0.5732437282457805, 0.5455434768367985, -0.6113705446843964, -1.375583725539892], [0.0, 0.0, 0.0, 1.0]]}, {"file_path": "./65-blend", "transform_matrix": [[0.9914095052584778, -0.08776547858830477, 0.09697635614574295, 0.2181968013279216], [0.0, 0.7414408083258004, 0.6710182767624021, 1.5097911227154046], [-0.1307944680907421, -0.6652538977844095, 0.7350714649607277, 1.6539107961616373], [0.0, 0.0, 0.0, 1.0]]}, {"file_path": "./66-blend", "transform_matrix": [[-0.642684120870249, 0.5180887691295751, -0.5643944968575052, -1.2698876179293868], [-1.5070603612552622e-16, 0.736681192849123, 0.6762402088772845, 1.5215404699738901], [0.7661312686356267, 0.4346088441394111, -0.47345330478788483, -1.0652699357727409], [0.0, 0.0, 0.0, 1.0]]}, {"file_path": "./67-blend", "transform_matrix": [[-0.04361896692876394, -0.6808135525428962, 0.7311568179248473, 1.645102840330907], [0.0, 0.7318533667302295, 0.6814621409921671, 1.533289817232376], [-0.9990482399384264, 0.029724674591142003, -0.031922687800110434, -0.07182604755024848], [0.0, 0.0, 0.0, 1.0]]}, {"file_path": "./68-blend", "transform_matrix": [[0.7070106582848072, 0.4856249617209461, -0.5141053643225417, -1.1567370697257189], [1.5272218249077188e-16, 0.7269559709783752, 0.6866840731070496, 1.5450391644908619], [0.707202891023279, -0.4854929585611078, 0.5139656195854921, 1.1564226440673573], [0.0, 0.0, 0.0, 1.0]]}, {"file_path": "./69-blend", "transform_matrix": [[-0.9990363448487963, -0.030368145300111532, 0.03168844303824105, 0.07129899683604236], [4.805410786271168e-18, 0.7219875898779893, 0.691906005221932, 1.5567885117493472], [-0.04389056471676497, 0.6912392464358513, -0.7212918428178983, -1.6229066463402713], [0.0, 0.0, 0.0, 1.0]]}, {"file_path": "./7-blend", "transform_matrix": [[0.4545219692754787, -0.327920912108483, 0.8281773088221392, 1.8633989448498134], [0.0, 0.9297679092356402, 0.36814621409921666, 0.8283289817232375], [-0.8907355272166597, -0.16733054221368795, 0.42259994107492777, 0.9508498674185875], [0.0, 0.0, 0.0, 1.0]]}, {"file_path": "./70-blend", "transform_matrix": [[0.7663059592364698, -0.44788784185834507, 0.46062094823634314, 1.036397133531772], [0.0, 0.7169467476629755, 0.6971279373368148, 1.5685378590078334], [-0.6424758180964276, -0.5342132927314293, 0.5494005651893435, 1.236151271676023], [0.0, 0.0, 0.0, 1.0]]}, {"file_path": "./71-blend", "transform_matrix": [[-0.13106398600508046, 0.6962913370257082, -0.705691579626264, -1.5878060541590941], [9.793437999814694e-18, 0.7118319049334498, 0.7023498694516972, 1.580287206266319], [0.9913739110812128, 0.09205277346048735, -0.09329552682616746, -0.2099149353588768], [0.0, 0.0, 0.0, 1.0]]}, {"file_path": "./72-blend", "transform_matrix": [[-0.573020950602388, -0.5798839030309515, 0.5791214459647696, 1.3030232534207316], [3.219002303772319e-17, 0.7066414547900687, 0.7075718015665796, 1.5920365535248042], [-0.819540719043743, 0.40545346635312574, -0.4049203581588596, -0.9110708058574342], [0.0, 0.0, 0.0, 1.0]]}, {"file_path": "./73-blend", "transform_matrix": [[0.9761196169272089, 0.1548428414885232, -0.152362029028361, -0.34281456531381216], [0.0, 0.7013737186582065, 0.712793733681462, 1.60378590078329], [0.21723373000038237, -0.6957719462692638, 0.6846246455794606, 1.540405452553786], [0.0, 0.0, 0.0, 1.0]]}, {"file_path": "./74-blend", "transform_matrix": [[-0.8664995030053537, 0.3584175777099078, -0.3474412918466044, -0.7817429066548598], [-7.73118942602609e-17, 0.6960269417709575, 0.7180156657963446, 1.6155352480417753], [0.4991779355014353, 0.6221602175625907, -0.603106999122871, -1.3569907480264598], [0.0, 0.0, 0.0, 1.0]]}, {"file_path": "./75-blend", "transform_matrix": [[0.30173991584577736, -0.6895276949121115, 0.6584106477986009, 1.481423957546852], [0.0, 0.6905992882762031, 0.7232375979112271, 1.627284595300261], [-0.9533902785246884, -0.2182296519302358, 0.20838137112761526, 0.46885808503713433], [0.0, 0.0, 0.0, 1.0]]}, {"file_path": "./76-blend", "transform_matrix": [[0.42151225656804914, 0.6605836412038374, -0.6212541110824061, -1.3978217499354137], [0.0, 0.6850888359286987, 0.7284595300261096, 1.6390339425587468], [0.9068227045916479, -0.307054620319806, 0.28877334118188375, 0.6497400176592384], [0.0, 0.0, 0.0, 1.0]]}, {"file_path": "./77-blend", "transform_matrix": [[-0.9233599552895647, -0.2816862871631852, 0.260881637130467, 0.5869836835435509], [7.566110648246173e-17, 0.6794935703232634, 0.7336814621409923, 1.6507832898172325], [-0.3839354020765122, 0.677452082079289, -0.6274171527132353, -1.4116885936047794], [0.0, 0.0, 0.0, 1.0]]}, {"file_path": "./78-blend", "transform_matrix": [[0.9402015320204016, -0.251684292314433, 0.22951273644108014, 0.5164036569924303], [-3.756319950807729e-17, 0.6738113786195269, 0.7389033942558749, 1.6625326370757185], [-0.3406186712241267, -0.6947181032944483, 0.633518490470858, 1.4254166035594302], [0.0, 0.0, 0.0, 1.0]]}, {"file_path": "./79-blend", "transform_matrix": [[-0.4631907423772671, 0.6594874826111088, -0.5920562443343186, -1.332126549752217], [0.0, 0.6680400427022426, 0.7441253263707573, 1.674281984334204], [0.886258616982648, 0.3446719623433972, -0.3094299633169929, -0.6962174174632341], [0.0, 0.0, 0.0, 1.0]]}, {"file_path": "./8-blend", "transform_matrix": [[0.266532848842144, 0.3598618653404021, -0.8941250910033881, -2.011781454757623], [1.2408478286587808e-17, 0.927683258118118, 0.37336814621409914, 0.8400783289817231], [0.9638258351424756, -0.09951487567735404, 0.24725806160938416, 0.5563306386211143], [0.0, 0.0, 0.0, 1.0]]}, {"file_path": "./80-blend", "transform_matrix": [[-0.2571166559344078, -0.7241544831314405, 0.6399150801487209, 1.439808930334622], [2.0099324513951363e-17, 0.6621772317137277, 0.7493472584856398, 1.6860313315926894], [-0.9663803729593784, 0.19266966123544402, -0.17025679545413713, -0.38307778977180856], [0.0, 0.0, 0.0, 1.0]]}, {"file_path": "./81-blend", "transform_matrix": [[0.8423703826204826, 0.40663658664405095, -0.35363657176018604, -0.7956822864604185], [7.35666813895216e-17, 0.6562204938863707, 0.7545691906005224, 1.6977806788511753], [0.5388990058293129, -0.6356267377997897, 0.5527807085184642, 1.2437565941665443], [0.0, 0.0, 0.0, 1.0]]}, {"file_path": "./82-blend", "transform_matrix": [[-0.9851587519841595, 0.13041485047391801, -0.11159838782383505, -0.2510963726036289], [-1.8265267114752364e-17, 0.6501672475931595, 0.7597911227154046, 1.7095300261096602], [0.17164566230759656, 0.7485148742229513, -0.6405179542198532, -1.4411653969946698], [0.0, 0.0, 0.0, 1.0]]}, {"file_path": "./83-blend", "transform_matrix": [[0.6104804247387435, -0.6059143185416427, 0.5100798855052218, 1.147679742386749], [-1.4512471618820307e-16, 0.6440147715225419, 0.7650130548302871, 1.721279373368146], [-0.7920313447148435, -0.4670254946434774, 0.39315841125710643, 0.8846064253284895], [0.0, 0.0, 0.0, 1.0]]}, {"file_path": "./84-blend", "transform_matrix": [[0.08486022022737322, 0.7674566459839747, -0.6354597072655275, -1.4297843413474371], [5.325300242331289e-18, 0.6377601938703719, 0.7702349869451696, 1.7330287206266317], [0.9963928658029231, -0.06536231061899506, 0.05412047050409199, 0.12177105863420697], [0.0, 0.0, 0.0, 1.0]]}, {"file_path": "./85-blend", "transform_matrix": [[-0.7356269955039749, -0.5252843076542115, 0.4277023727056357, 0.9623303385876805], [0.0, 0.6314004804257688, 0.7754569190600522, 1.7447780678851177], [-0.677386834449707, 0.5704470435109152, -0.4644752383753745, -1.0450692863445927], [0.0, 0.0, 0.0, 1.0]]}, {"file_path": "./86-blend", "transform_matrix": [[0.9999966844902054, 0.002010306189668152, -0.0016092475324420118, -0.0036208069479945265], [2.777588174327413e-19, 0.6249324214090546, 0.7806788511749347, 1.7565274151436032], [0.0025750744837555258, -0.7806762628265572, 0.6249303494394903, 1.406093286238853], [0.0, 0.0, 0.0, 1.0]]}, {"file_path": "./87-blend", "transform_matrix": [[-0.7391058711452221, 0.5293743387469028, -0.4165156908388227, -0.9371603043873511], [0.0, 0.6183526168978761, 0.7859007832898172, 1.7682767624020885], [0.6735892748839327, 0.5808638830671329, -0.4570280495872327, -1.0283131115712736], [0.0, 0.0, 0.0, 1.0]]}, {"file_path": "./88-blend", "transform_matrix": [[0.08999064948472116, -0.7879128222454534, 0.6091757279689682, 1.3706453879301788], [5.467243479089318e-18, 0.6116574606515434, 0.7911227154046998, 1.7800261096605745], [-0.9959426102970586, -0.07119364698138515, 0.055043452146207664, 0.12384776732896724], [0.0, 0.0, 0.0, 1.0]]}, {"file_path": "./89-blend", "transform_matrix": [[0.606393262649043, 0.6332253084160382, -0.48095001798031123, -1.0821375404557], [0.0, 0.6048431221125955, 0.7963446475195824, 1.7917754569190605], [0.7951648954863691, -0.48289802900250167, 0.3667727942086904, 0.8252387869695534], [0.0, 0.0, 0.0, 1.0]]}, {"file_path": "./9-blend", "transform_matrix": [[-0.847588024719048, -0.2009006507126052, 0.4911552391007496, 1.1050992879766866], [2.998772866820793e-17, 0.9255644508033222, 0.37859007832898184, 0.851827676240209], [-0.5306548222270884, 0.32088841666909124, -0.7844973446065584, -1.7651190253647564], [0.0, 0.0, 0.0, 1.0]]}, {"file_path": "./90-blend", "transform_matrix": [[-0.984261688992294, -0.14165050814164132, 0.10566012078949821, 0.23773527177637097], [0.0, 0.5979055263276176, 0.8015665796344649, 1.803524804177546], [-0.1767170834470639, 0.7889512755107945, -0.588495503201047, -1.3241148822023558], [0.0, 0.0, 0.0, 1.0]]}, {"file_path": "./91-blend", "transform_matrix": [[0.845134612046428, -0.4312716552847266, 0.3158357909881423, 0.7106305297233201], [0.0, 0.5908403314849735, 0.8067885117493472, 1.8152741514360313], [-0.5345535403690949, -0.6818448958807996, 0.49933961433093615, 1.1235141322446063], [0.0, 0.0, 0.0, 1.0]]}, {"file_path": "./92-blend", "transform_matrix": [[-0.26209023242739415, 0.7836252969406231, -0.5632407159118332, -1.2672916108016248], [0.0, 0.5836429037137492, 0.8120104438642298, 1.827023498694517], [0.9650433721165874, 0.21282000596584744, -0.15296710428893578, -0.3441759846501055], [0.0, 0.0, 0.0, 1.0]]}, {"file_path": "./93-blend", "transform_matrix": [[-0.45862025076587215, -0.7262191323359181, 0.5121261928633556, 1.1522839339425501], [-4.0313260082131976e-17, 0.5763082887236091, 0.8172323759791122, 1.8387728459530026], [-0.888632356819989, 0.37479931720553006, -0.2643066518928723, -0.5946899667589626], [0.0, 0.0, 0.0, 1.0]]}, {"file_path": "./94-blend", "transform_matrix": [[0.9384348319699451, 0.2841220352111206, -0.19650632369730894, -0.4421392283189451], [3.3747255431066263e-17, 0.5688311797867873, 0.8224543080939948, 1.8505221932114886], [0.34545631582812436, -0.7718197704191455, 0.5338109926224792, 1.2010747334005782], [0.0, 0.0, 0.0, 1.0]]}, {"file_path": "./95-blend", "transform_matrix": [[-0.9253250276326317, 0.31383404300405865, -0.21279517543496143, -0.47878914472866324], [0.0, 0.561205881467485, 0.8276762402088773, 1.862271540469974], [0.379174884765156, 0.7658695398421521, -0.5192978477764961, -1.1684201574971163], [0.0, 0.0, 0.0, 1.0]]}, {"file_path": "./96-blend", "transform_matrix": [[0.4261769229964853, -0.7534728648312556, 0.500651447883883, 1.126465757738737], [0.0, 0.5534262683860791, 0.83289817232376, 1.8740208877284599], [-0.9046398345779652, -0.35496198025033626, 0.23585750416620613, 0.5306793843739638], [0.0, 0.0, 0.0, 1.0]]}, {"file_path": "./97-blend", "transform_matrix": [[0.29682582848673744, 0.8003474016664718, -0.5209015878156725, -1.172028572585263], [0.0, 0.5454857381598159, 0.8381201044386425, 1.8857702349869454], [0.9549316350101518, -0.248775694371391, 0.16191425615698693, 0.3643070763532206], [0.0, 0.0, 0.0, 1.0]]}, {"file_path": "./98-blend", "transform_matrix": [[-0.8639171792686816, -0.42473564069113445, 0.270